41 1 1
42 1 1
43 1 1
44 1 1
45 1 1
46 1 1
47 1 1
48 1 1
49 1 1
50 1 1
51 1 1
52 1 1
53 1 1
54 1 1
55 1 1
56 1 1
57 1 1
58 1 1
59 1 1
60 1 1
41 2 1
42 2 1
43 2 2
44 2 2
45 2 2
46 2 2
47 2 2
48 2 2
49 2 2
50 2 2
51 2 2
52 2 2
53 2 2
54 2 2
55 2 2
56 2 2
57 2 2
58 2 2
59 2 1
60 2 1
41 3 2
42 3 2
43 3 3
44 3 3
45 3 3
46 3 3
47 3 3
48 3 3
49 3 3
50 3 3
51 3 3
52 3 3
53 3 3
54 3 3
55 3 3
56 3 3
57 3 3
58 3 3
59 3 2
60 3 2
36 4 2
37 4 2
38 4 3
39 4 3
40 4 3
41 4 3
42 4 3
43 4 4
44 4 4
45 4 4
46 4 4
47 4 4
48 4 4
49 4 4
50 4 4
51 4 4
52 4 4
53 4 4
54 4 4
55 4 4
56 4 4
57 4 4
58 4 4
59 4 3
60 4 3
61 4 3
62 4 3
63 4 3
64 4 2
65 4 2
36 5 3
37 5 3
38 5 4
39 5 4
40 5 4
41 5 4
42 5 4
43 5 5
44 5 5
45 5 5
46 5 5
47 5 5
48 5 5
49 5 5
50 5 5
51 5 5
52 5 5
53 5 5
54 5 5
55 5 5
56 5 5
57 5 5
58 5 5
59 5 4
60 5 4
61 5 4
62 5 4
63 5 4
64 5 3
65 5 3
26 6 1
27 6 1
28 6 1
29 6 2
30 6 2
31 6 2
32 6 3
33 6 3
34 6 3
35 6 4
36 6 4
37 6 4
38 6 4
39 6 5
40 6 5
41 6 5
42 6 5
43 6 5
44 6 6
45 6 6
46 6 6
47 6 6
48 6 6
49 6 6
50 6 6
51 6 6
52 6 6
53 6 6
54 6 6
55 6 6
56 6 6
57 6 6
58 6 5
59 6 5
60 6 5
61 6 5
62 6 5
63 6 4
64 6 4
65 6 4
66 6 4
67 6 3
68 6 3
69 6 3
70 6 2
71 6 2
72 6 2
73 6 1
74 6 1
75 6 1
26 7 1
27 7 1
28 7 2
29 7 2
30 7 3
31 7 3
32 7 3
33 7 4
34 7 4
35 7 5
36 7 5
37 7 5
38 7 5
39 7 6
40 7 6
41 7 6
42 7 6
43 7 6
44 7 7
45 7 7
46 7 7
47 7 7
48 7 7
49 7 7
50 7 7
51 7 7
52 7 7
53 7 7
54 7 7
55 7 7
56 7 7
57 7 7
58 7 6
59 7 6
60 7 6
61 7 6
62 7 6
63 7 5
64 7 5
65 7 5
66 7 5
67 7 4
68 7 4
69 7 3
70 7 3
71 7 3
72 7 2
73 7 2
74 7 1
75 7 1
26 8 2
27 8 2
28 8 3
29 8 3
30 8 4
31 8 4
32 8 4
33 8 5
34 8 5
35 8 6
36 8 6
37 8 6
38 8 6
39 8 7
40 8 7
41 8 7
42 8 7
43 8 7
44 8 8
45 8 8
46 8 8
47 8 8
48 8 8
49 8 8
50 8 8
51 8 8
52 8 8
53 8 8
54 8 8
55 8 8
56 8 8
57 8 8
58 8 7
59 8 7
60 8 7
61 8 7
62 8 7
63 8 6
64 8 6
65 8 6
66 8 6
67 8 5
68 8 5
69 8 4
70 8 4
71 8 4
72 8 3
73 8 3
74 8 2
75 8 2
21 9 1
22 9 1
23 9 1
24 9 2
25 9 2
26 9 3
27 9 3
28 9 4
29 9 4
30 9 5
31 9 5
32 9 5
33 9 6
34 9 6
35 9 7
36 9 7
37 9 7
38 9 7
39 9 8
40 9 8
41 9 8
42 9 8
43 9 8
44 9 9
45 9 9
46 9 9
47 9 9
48 9 9
49 9 9
50 9 9
51 9 9
52 9 9
53 9 9
54 9 9
55 9 9
56 9 9
57 9 9
58 9 8
59 9 8
60 9 8
61 9 8
62 9 8
63 9 7
64 9 7
65 9 7
66 9 7
67 9 6
68 9 6
69 9 5
70 9 5
71 9 5
72 9 4
73 9 4
74 9 3
75 9 3
76 9 2
77 9 2
78 9 1
79 9 1
80 9 1
21 10 1
22 10 2
23 10 2
24 10 3
25 10 3
26 10 4
27 10 4
28 10 5
29 10 5
30 10 6
31 10 6
32 10 6
33 10 7
34 10 7
35 10 7
36 10 8
37 10 8
38 10 8
39 10 9
40 10 9
41 10 9
42 10 9
43 10 9
44 10 10
45 10 10
46 10 10
47 10 10
48 10 10
49 10 10
50 10 10
51 10 10
52 10 10
53 10 10
54 10 10
55 10 10
56 10 10
57 10 10
58 10 9
59 10 9
60 10 9
61 10 9
62 10 9
63 10 8
64 10 8
65 10 8
66 10 7
67 10 7
68 10 7
69 10 6
70 10 6
71 10 6
72 10 5
73 10 5
74 10 4
75 10 4
76 10 3
77 10 3
78 10 2
79 10 2
80 10 1
21 11 2
22 11 2
23 11 3
24 11 3
25 11 4
26 11 4
27 11 5
28 11 5
29 11 6
30 11 6
31 11 7
32 11 7
33 11 8
34 11 8
35 11 8
36 11 9
37 11 9
38 11 9
39 11 9
40 11 10
41 11 10
42 11 10
43 11 10
44 11 11
45 11 11
46 11 11
47 11 11
48 11 11
49 11 11
50 11 11
51 11 11
52 11 11
53 11 11
54 11 11
55 11 11
56 11 11
57 11 11
58 11 10
59 11 10
60 11 10
61 11 10
62 11 9
63 11 9
64 11 9
65 11 9
66 11 8
67 11 8
68 11 8
69 11 7
70 11 7
71 11 6
72 11 6
73 11 5
74 11 5
75 11 4
76 11 4
77 11 3
78 11 3
79 11 2
80 11 2
21 12 2
22 12 3
23 12 4
24 12 4
25 12 5
26 12 5
27 12 6
28 12 6
29 12 7
30 12 7
31 12 8
32 12 8
33 12 8
34 12 9
35 12 9
36 12 9
37 12 10
38 12 10
39 12 10
40 12 11
41 12 11
42 12 11
43 12 11
44 12 12
45 12 12
46 12 12
47 12 12
48 12 12
49 12 12
50 12 12
51 12 12
52 12 12
53 12 12
54 12 12
55 12 12
56 12 12
57 12 12
58 12 11
59 12 11
60 12 11
61 12 11
62 12 10
63 12 10
64 12 10
65 12 9
66 12 9
67 12 9
68 12 8
69 12 8
70 12 8
71 12 7
72 12 7
73 12 6
74 12 6
75 12 5
76 12 5
77 12 4
78 12 4
79 12 3
80 12 2
21 13 3
22 13 4
23 13 4
24 13 5
25 13 6
26 13 6
27 13 7
28 13 7
29 13 8
30 13 8
31 13 8
32 13 9
33 13 9
34 13 10
35 13 10
36 13 10
37 13 11
38 13 11
39 13 11
40 13 12
41 13 12
42 13 12
43 13 12
44 13 13
45 13 13
46 13 13
47 13 13
48 13 13
49 13 13
50 13 13
51 13 13
52 13 13
53 13 13
54 13 13
55 13 13
56 13 13
57 13 13
58 13 12
59 13 12
60 13 12
61 13 12
62 13 11
63 13 11
64 13 11
65 13 10
66 13 10
67 13 10
68 13 9
69 13 9
70 13 8
71 13 8
72 13 8
73 13 7
74 13 7
75 13 6
76 13 6
77 13 5
78 13 4
79 13 4
80 13 3
16 14 1
17 14 2
18 14 2
19 14 3
20 14 4
21 14 4
22 14 5
23 14 5
24 14 6
25 14 6
26 14 7
27 14 7
28 14 8
29 14 8
30 14 9
31 14 9
32 14 10
33 14 10
34 14 11
35 14 11
36 14 11
37 14 12
38 14 12
39 14 12
40 14 13
41 14 13
42 14 13
43 14 13
44 14 14
45 14 14
46 14 14
47 14 14
48 14 14
49 14 14
50 14 14
51 14 14
52 14 14
53 14 14
54 14 14
55 14 14
56 14 14
57 14 14
58 14 13
59 14 13
60 14 13
61 14 13
62 14 12
63 14 12
64 14 12
65 14 11
66 14 11
67 14 11
68 14 10
69 14 10
70 14 9
71 14 9
72 14 8
73 14 8
74 14 7
75 14 7
76 14 6
77 14 6
78 14 5
79 14 5
80 14 4
81 14 4
82 14 3
83 14 2
84 14 2
85 14 1
16 15 2
17 15 2
18 15 3
19 15 4
20 15 4
21 15 5
22 15 5
23 15 6
24 15 7
25 15 7
26 15 8
27 15 8
28 15 9
29 15 9
30 15 10
31 15 10
32 15 11
33 15 11
34 15 12
35 15 12
36 15 12
37 15 13
38 15 13
39 15 13
40 15 14
41 15 14
42 15 14
43 15 14
44 15 15
45 15 15
46 15 15
47 15 15
48 15 15
49 15 15
50 15 15
51 15 15
52 15 15
53 15 15
54 15 15
55 15 15
56 15 15
57 15 15
58 15 14
59 15 14
60 15 14
61 15 14
62 15 13
63 15 13
64 15 13
65 15 12
66 15 12
67 15 12
68 15 11
69 15 11
70 15 10
71 15 10
72 15 9
73 15 9
74 15 8
75 15 8
76 15 7
77 15 7
78 15 6
79 15 5
80 15 5
81 15 4
82 15 4
83 15 3
84 15 2
85 15 2
14 16 1
15 16 2
16 16 2
17 16 3
18 16 4
19 16 4
20 16 5
21 16 5
22 16 6
23 16 7
24 16 7
25 16 8
26 16 8
27 16 9
28 16 10
29 16 10
30 16 11
31 16 11
32 16 12
33 16 12
34 16 12
35 16 13
36 16 13
37 16 14
38 16 14
39 16 14
40 16 15
41 16 15
42 16 15
43 16 15
44 16 15
45 16 16
46 16 16
47 16 16
48 16 16
49 16 16
50 16 16
51 16 16
52 16 16
53 16 16
54 16 16
55 16 16
56 16 16
57 16 15
58 16 15
59 16 15
60 16 15
61 16 15
62 16 14
63 16 14
64 16 14
65 16 13
66 16 13
67 16 12
68 16 12
69 16 12
70 16 11
71 16 11
72 16 10
73 16 10
74 16 9
75 16 8
76 16 8
77 16 7
78 16 7
79 16 6
80 16 5
81 16 5
82 16 4
83 16 4
84 16 3
85 16 2
86 16 2
87 16 1
14 17 2
15 17 2
16 17 3
17 17 4
18 17 4
19 17 5
20 17 6
21 17 6
22 17 7
23 17 8
24 17 8
25 17 9
26 17 9
27 17 10
28 17 10
29 17 11
30 17 12
31 17 12
32 17 12
33 17 13
34 17 13
35 17 14
36 17 14
37 17 14
38 17 15
39 17 15
40 17 16
41 17 16
42 17 16
43 17 16
44 17 16
45 17 17
46 17 17
47 17 17
48 17 17
49 17 17
50 17 17
51 17 17
52 17 17
53 17 17
54 17 17
55 17 17
56 17 17
57 17 16
58 17 16
59 17 16
60 17 16
61 17 16
62 17 15
63 17 15
64 17 14
65 17 14
66 17 14
67 17 13
68 17 13
69 17 12
70 17 12
71 17 12
72 17 11
73 17 10
74 17 10
75 17 9
76 17 9
77 17 8
78 17 8
79 17 7
80 17 6
81 17 6
82 17 5
83 17 4
84 17 4
85 17 3
86 17 2
87 17 2
14 18 2
15 18 3
16 18 3
17 18 4
18 18 5
19 18 6
20 18 6
21 18 7
22 18 8
23 18 8
24 18 9
25 18 10
26 18 10
27 18 11
28 18 11
29 18 12
30 18 12
31 18 13
32 18 13
33 18 14
34 18 14
35 18 15
36 18 15
37 18 15
38 18 16
39 18 16
40 18 17
41 18 17
42 18 17
43 18 17
44 18 17
45 18 18
46 18 18
47 18 18
48 18 18
49 18 18
50 18 18
51 18 18
52 18 18
53 18 18
54 18 18
55 18 18
56 18 18
57 18 17
58 18 17
59 18 17
60 18 17
61 18 17
62 18 16
63 18 16
64 18 15
65 18 15
66 18 15
67 18 14
68 18 14
69 18 13
70 18 13
71 18 12
72 18 12
73 18 11
74 18 11
75 18 10
76 18 10
77 18 9
78 18 8
79 18 8
80 18 7
81 18 6
82 18 6
83 18 5
84 18 4
85 18 3
86 18 3
87 18 2
14 19 3
15 19 4
16 19 4
17 19 5
18 19 6
19 19 6
20 19 7
21 19 8
22 19 8
23 19 9
24 19 10
25 19 10
26 19 11
27 19 11
28 19 12
29 19 13
30 19 13
31 19 14
32 19 14
33 19 15
34 19 15
35 19 16
36 19 16
37 19 16
38 19 17
39 19 17
40 19 17
41 19 18
42 19 18
43 19 18
44 19 18
45 19 19
46 19 19
47 19 19
48 19 19
49 19 19
50 19 19
51 19 19
52 19 19
53 19 19
54 19 19
55 19 19
56 19 19
57 19 18
58 19 18
59 19 18
60 19 18
61 19 17
62 19 17
63 19 17
64 19 16
65 19 16
66 19 16
67 19 15
68 19 15
69 19 14
70 19 14
71 19 13
72 19 13
73 19 12
74 19 11
75 19 11
76 19 10
77 19 10
78 19 9
79 19 8
80 19 8
81 19 7
82 19 6
83 19 6
84 19 5
85 19 4
86 19 4
87 19 3
14 20 3
15 20 4
16 20 5
17 20 6
18 20 6
19 20 7
20 20 8
21 20 8
22 20 9
23 20 10
24 20 10
25 20 11
26 20 12
27 20 12
28 20 13
29 20 13
30 20 14
31 20 14
32 20 15
33 20 16
34 20 16
35 20 17
36 20 17
37 20 17
38 20 18
39 20 18
40 20 18
41 20 19
42 20 19
43 20 19
44 20 19
45 20 20
46 20 20
47 20 20
48 20 20
49 20 20
50 20 20
51 20 20
52 20 20
53 20 20
54 20 20
55 20 20
56 20 20
57 20 19
58 20 19
59 20 19
60 20 19
61 20 18
62 20 18
63 20 18
64 20 17
65 20 17
66 20 17
67 20 16
68 20 16
69 20 15
70 20 14
71 20 14
72 20 13
73 20 13
74 20 12
75 20 12
76 20 11
77 20 10
78 20 10
79 20 9
80 20 8
81 20 8
82 20 7
83 20 6
84 20 6
85 20 5
86 20 4
87 20 3
9 21 1
10 21 1
11 21 2
12 21 2
13 21 3
14 21 4
15 21 5
16 21 5
17 21 6
18 21 7
19 21 8
20 21 8
21 21 9
22 21 10
23 21 10
24 21 11
25 21 12
26 21 12
27 21 13
28 21 14
29 21 14
30 21 15
31 21 15
32 21 16
33 21 16
34 21 17
35 21 17
36 21 18
37 21 18
38 21 19
39 21 19
40 21 19
41 21 20
42 21 20
43 21 20
44 21 20
45 21 21
46 21 21
47 21 21
48 21 21
49 21 21
50 21 21
51 21 21
52 21 21
53 21 21
54 21 21
55 21 21
56 21 21
57 21 20
58 21 20
59 21 20
60 21 20
61 21 19
62 21 19
63 21 19
64 21 18
65 21 18
66 21 17
67 21 17
68 21 16
69 21 16
70 21 15
71 21 15
72 21 14
73 21 14
74 21 13
75 21 12
76 21 12
77 21 11
78 21 10
79 21 10
80 21 9
81 21 8
82 21 8
83 21 7
84 21 6
85 21 5
86 21 5
87 21 4
88 21 3
89 21 2
90 21 2
91 21 1
92 21 1
9 22 1
10 22 2
11 22 2
12 22 3
13 22 4
14 22 5
15 22 5
16 22 6
17 22 7
18 22 8
19 22 8
20 22 9
21 22 10
22 22 10
23 22 11
24 22 12
25 22 13
26 22 13
27 22 14
28 22 14
29 22 15
30 22 16
31 22 16
32 22 17
33 22 17
34 22 18
35 22 18
36 22 19
37 22 19
38 22 19
39 22 20
40 22 20
41 22 21
42 22 21
43 22 21
44 22 21
45 22 22
46 22 22
47 22 22
48 22 22
49 22 22
50 22 22
51 22 22
52 22 22
53 22 22
54 22 22
55 22 22
56 22 22
57 22 21
58 22 21
59 22 21
60 22 21
61 22 20
62 22 20
63 22 19
64 22 19
65 22 19
66 22 18
67 22 18
68 22 17
69 22 17
70 22 16
71 22 16
72 22 15
73 22 14
74 22 14
75 22 13
76 22 13
77 22 12
78 22 11
79 22 10
80 22 10
81 22 9
82 22 8
83 22 8
84 22 7
85 22 6
86 22 5
87 22 5
88 22 4
89 22 3
90 22 2
91 22 2
92 22 1
9 23 1
10 23 2
11 23 3
12 23 4
13 23 4
14 23 5
15 23 6
16 23 7
17 23 7
18 23 8
19 23 9
20 23 10
21 23 10
22 23 11
23 23 12
24 23 13
25 23 13
26 23 14
27 23 15
28 23 15
29 23 16
30 23 16
31 23 17
32 23 18
33 23 18
34 23 19
35 23 19
36 23 20
37 23 20
38 23 20
39 23 21
40 23 21
41 23 21
42 23 22
43 23 22
44 23 22
45 23 23
46 23 23
47 23 23
48 23 23
49 23 23
50 23 23
51 23 23
52 23 23
53 23 23
54 23 23
55 23 23
56 23 23
57 23 22
58 23 22
59 23 22
60 23 21
61 23 21
62 23 21
63 23 20
64 23 20
65 23 20
66 23 19
67 23 19
68 23 18
69 23 18
70 23 17
71 23 16
72 23 16
73 23 15
74 23 15
75 23 14
76 23 13
77 23 13
78 23 12
79 23 11
80 23 10
81 23 10
82 23 9
83 23 8
84 23 7
85 23 7
86 23 6
87 23 5
88 23 4
89 23 4
90 23 3
91 23 2
92 23 1
9 24 2
10 24 3
11 24 3
12 24 4
13 24 5
14 24 6
15 24 7
16 24 7
17 24 8
18 24 9
19 24 10
20 24 10
21 24 11
22 24 12
23 24 13
24 24 13
25 24 14
26 24 15
27 24 15
28 24 16
29 24 17
30 24 17
31 24 18
32 24 18
33 24 19
34 24 19
35 24 20
36 24 20
37 24 21
38 24 21
39 24 22
40 24 22
41 24 22
42 24 23
43 24 23
44 24 23
45 24 24
46 24 24
47 24 24
48 24 24
49 24 24
50 24 24
51 24 24
52 24 24
53 24 24
54 24 24
55 24 24
56 24 24
57 24 23
58 24 23
59 24 23
60 24 22
61 24 22
62 24 22
63 24 21
64 24 21
65 24 20
66 24 20
67 24 19
68 24 19
69 24 18
70 24 18
71 24 17
72 24 17
73 24 16
74 24 15
75 24 15
76 24 14
77 24 13
78 24 13
79 24 12
80 24 11
81 24 10
82 24 10
83 24 9
84 24 8
85 24 7
86 24 7
87 24 6
88 24 5
89 24 4
90 24 3
91 24 3
92 24 2
9 25 2
10 25 3
11 25 4
12 25 5
13 25 6
14 25 6
15 25 7
16 25 8
17 25 9
18 25 9
19 25 10
20 25 11
21 25 12
22 25 13
23 25 13
24 25 14
25 25 15
26 25 15
27 25 16
28 25 17
29 25 17
30 25 18
31 25 19
32 25 19
33 25 20
34 25 20
35 25 21
36 25 21
37 25 22
38 25 22
39 25 23
40 25 23
41 25 23
42 25 24
43 25 24
44 25 24
45 25 24
46 25 25
47 25 25
48 25 25
49 25 25
50 25 25
51 25 25
52 25 25
53 25 25
54 25 25
55 25 25
56 25 24
57 25 24
58 25 24
59 25 24
60 25 23
61 25 23
62 25 23
63 25 22
64 25 22
65 25 21
66 25 21
67 25 20
68 25 20
69 25 19
70 25 19
71 25 18
72 25 17
73 25 17
74 25 16
75 25 15
76 25 15
77 25 14
78 25 13
79 25 13
80 25 12
81 25 11
82 25 10
83 25 9
84 25 9
85 25 8
86 25 7
87 25 6
88 25 6
89 25 5
90 25 4
91 25 3
92 25 2
6 26 1
7 26 1
8 26 2
9 26 3
10 26 4
11 26 4
12 26 5
13 26 6
14 26 7
15 26 8
16 26 8
17 26 9
18 26 10
19 26 11
20 26 12
21 26 12
22 26 13
23 26 14
24 26 15
25 26 15
26 26 16
27 26 17
28 26 17
29 26 18
30 26 19
31 26 19
32 26 20
33 26 21
34 26 21
35 26 22
36 26 22
37 26 23
38 26 23
39 26 24
40 26 24
41 26 24
42 26 25
43 26 25
44 26 25
45 26 25
46 26 26
47 26 26
48 26 26
49 26 26
50 26 26
51 26 26
52 26 26
53 26 26
54 26 26
55 26 26
56 26 25
57 26 25
58 26 25
59 26 25
60 26 24
61 26 24
62 26 24
63 26 23
64 26 23
65 26 22
66 26 22
67 26 21
68 26 21
69 26 20
70 26 19
71 26 19
72 26 18
73 26 17
74 26 17
75 26 16
76 26 15
77 26 15
78 26 14
79 26 13
80 26 12
81 26 12
82 26 11
83 26 10
84 26 9
85 26 8
86 26 8
87 26 7
88 26 6
89 26 5
90 26 4
91 26 4
92 26 3
93 26 2
94 26 1
95 26 1
6 27 1
7 27 1
8 27 2
9 27 3
10 27 4
11 27 5
12 27 6
13 27 7
14 27 7
15 27 8
16 27 9
17 27 10
18 27 11
19 27 11
20 27 12
21 27 13
22 27 14
23 27 15
24 27 15
25 27 16
26 27 17
27 27 17
28 27 18
29 27 19
30 27 19
31 27 20
32 27 21
33 27 21
34 27 22
35 27 22
36 27 23
37 27 23
38 27 24
39 27 24
40 27 25
41 27 25
42 27 26
43 27 26
44 27 26
45 27 26
46 27 27
47 27 27
48 27 27
49 27 27
50 27 27
51 27 27
52 27 27
53 27 27
54 27 27
55 27 27
56 27 26
57 27 26
58 27 26
59 27 26
60 27 25
61 27 25
62 27 24
63 27 24
64 27 23
65 27 23
66 27 22
67 27 22
68 27 21
69 27 21
70 27 20
71 27 19
72 27 19
73 27 18
74 27 17
75 27 17
76 27 16
77 27 15
78 27 15
79 27 14
80 27 13
81 27 12
82 27 11
83 27 11
84 27 10
85 27 9
86 27 8
87 27 7
88 27 7
89 27 6
90 27 5
91 27 4
92 27 3
93 27 2
94 27 1
95 27 1
6 28 1
7 28 2
8 28 3
9 28 4
10 28 5
11 28 5
12 28 6
13 28 7
14 28 8
15 28 9
16 28 9
17 28 10
18 28 11
19 28 12
20 28 13
21 28 14
22 28 14
23 28 15
24 28 16
25 28 17
26 28 17
27 28 18
28 28 19
29 28 20
30 28 20
31 28 21
32 28 21
33 28 22
34 28 23
35 28 23
36 28 24
37 28 24
38 28 25
39 28 25
40 28 26
41 28 26
42 28 26
43 28 27
44 28 27
45 28 27
46 28 28
47 28 28
48 28 28
49 28 28
50 28 28
51 28 28
52 28 28
53 28 28
54 28 28
55 28 28
56 28 27
57 28 27
58 28 27
59 28 26
60 28 26
61 28 26
62 28 25
63 28 25
64 28 24
65 28 24
66 28 23
67 28 23
68 28 22
69 28 21
70 28 21
71 28 20
72 28 20
73 28 19
74 28 18
75 28 17
76 28 17
77 28 16
78 28 15
79 28 14
80 28 14
81 28 13
82 28 12
83 28 11
84 28 10
85 28 9
86 28 9
87 28 8
88 28 7
89 28 6
90 28 5
91 28 5
92 28 4
93 28 3
94 28 2
95 28 1
6 29 1
7 29 2
8 29 3
9 29 4
10 29 5
11 29 6
12 29 7
13 29 8
14 29 8
15 29 9
16 29 10
17 29 11
18 29 12
19 29 13
20 29 13
21 29 14
22 29 15
23 29 16
24 29 17
25 29 17
26 29 18
27 29 19
28 29 20
29 29 20
30 29 21
31 29 22
32 29 22
33 29 23
34 29 24
35 29 24
36 29 25
37 29 25
38 29 26
39 29 26
40 29 27
41 29 27
42 29 27
43 29 28
44 29 28
45 29 28
46 29 29
47 29 29
48 29 29
49 29 29
50 29 29
51 29 29
52 29 29
53 29 29
54 29 29
55 29 29
56 29 28
57 29 28
58 29 28
59 29 27
60 29 27
61 29 27
62 29 26
63 29 26
64 29 25
65 29 25
66 29 24
67 29 24
68 29 23
69 29 22
70 29 22
71 29 21
72 29 20
73 29 20
74 29 19
75 29 18
76 29 17
77 29 17
78 29 16
79 29 15
80 29 14
81 29 13
82 29 13
83 29 12
84 29 11
85 29 10
86 29 9
87 29 8
88 29 8
89 29 7
90 29 6
91 29 5
92 29 4
93 29 3
94 29 2
95 29 1
6 30 2
7 30 3
8 30 4
9 30 5
10 30 5
11 30 6
12 30 7
13 30 8
14 30 9
15 30 10
16 30 11
17 30 11
18 30 12
19 30 13
20 30 14
21 30 15
22 30 16
23 30 16
24 30 17
25 30 18
26 30 19
27 30 19
28 30 20
29 30 21
30 30 22
31 30 22
32 30 23
33 30 24
34 30 24
35 30 25
36 30 25
37 30 26
38 30 27
39 30 27
40 30 28
41 30 28
42 30 28
43 30 29
44 30 29
45 30 29
46 30 30
47 30 30
48 30 30
49 30 30
50 30 30
51 30 30
52 30 30
53 30 30
54 30 30
55 30 30
56 30 29
57 30 29
58 30 29
59 30 28
60 30 28
61 30 28
62 30 27
63 30 27
64 30 26
65 30 25
66 30 25
67 30 24
68 30 24
69 30 23
70 30 22
71 30 22
72 30 21
73 30 20
74 30 19
75 30 19
76 30 18
77 30 17
78 30 16
79 30 16
80 30 15
81 30 14
82 30 13
83 30 12
84 30 11
85 30 11
86 30 10
87 30 9
88 30 8
89 30 7
90 30 6
91 30 5
92 30 5
93 30 4
94 30 3
95 30 2
6 31 2
7 31 3
8 31 4
9 31 5
10 31 6
11 31 7
12 31 8
13 31 8
14 31 9
15 31 10
16 31 11
17 31 12
18 31 13
19 31 14
20 31 14
21 31 15
22 31 16
23 31 17
24 31 18
25 31 19
26 31 19
27 31 20
28 31 21
29 31 22
30 31 22
31 31 23
32 31 24
33 31 24
34 31 25
35 31 26
36 31 26
37 31 27
38 31 27
39 31 28
40 31 28
41 31 29
42 31 29
43 31 30
44 31 30
45 31 30
46 31 31
47 31 31
48 31 31
49 31 31
50 31 31
51 31 31
52 31 31
53 31 31
54 31 31
55 31 31
56 31 30
57 31 30
58 31 30
59 31 29
60 31 29
61 31 28
62 31 28
63 31 27
64 31 27
65 31 26
66 31 26
67 31 25
68 31 24
69 31 24
70 31 23
71 31 22
72 31 22
73 31 21
74 31 20
75 31 19
76 31 19
77 31 18
78 31 17
79 31 16
80 31 15
81 31 14
82 31 14
83 31 13
84 31 12
85 31 11
86 31 10
87 31 9
88 31 8
89 31 8
90 31 7
91 31 6
92 31 5
93 31 4
94 31 3
95 31 2
6 32 2
7 32 3
8 32 4
9 32 5
10 32 6
11 32 7
12 32 8
13 32 9
14 32 10
15 32 11
16 32 12
17 32 12
18 32 13
19 32 14
20 32 15
21 32 16
22 32 17
23 32 17
24 32 18
25 32 19
26 32 20
27 32 21
28 32 21
29 32 22
30 32 23
31 32 24
32 32 24
33 32 25
34 32 26
35 32 26
36 32 27
37 32 28
38 32 28
39 32 29
40 32 29
41 32 30
42 32 30
43 32 31
44 32 31
45 32 31
46 32 31
47 32 32
48 32 32
49 32 32
50 32 32
51 32 32
52 32 32
53 32 32
54 32 32
55 32 31
56 32 31
57 32 31
58 32 31
59 32 30
60 32 30
61 32 29
62 32 29
63 32 28
64 32 28
65 32 27
66 32 26
67 32 26
68 32 25
69 32 24
70 32 24
71 32 23
72 32 22
73 32 21
74 32 21
75 32 20
76 32 19
77 32 18
78 32 17
79 32 17
80 32 16
81 32 15
82 32 14
83 32 13
84 32 12
85 32 12
86 32 11
87 32 10
88 32 9
89 32 8
90 32 7
91 32 6
92 32 5
93 32 4
94 32 3
95 32 2
6 33 3
7 33 4
8 33 5
9 33 6
10 33 7
11 33 7
12 33 8
13 33 9
14 33 10
15 33 11
16 33 12
17 33 13
18 33 14
19 33 15
20 33 16
21 33 16
22 33 17
23 33 18
24 33 19
25 33 20
26 33 20
27 33 21
28 33 22
29 33 23
30 33 24
31 33 24
32 33 25
33 33 26
34 33 27
35 33 27
36 33 28
37 33 28
38 33 29
39 33 30
40 33 30
41 33 31
42 33 31
43 33 31
44 33 32
45 33 32
46 33 32
47 33 33
48 33 33
49 33 33
50 33 33
51 33 33
52 33 33
53 33 33
54 33 33
55 33 32
56 33 32
57 33 32
58 33 31
59 33 31
60 33 31
61 33 30
62 33 30
63 33 29
64 33 28
65 33 28
66 33 27
67 33 27
68 33 26
69 33 25
70 33 24
71 33 24
72 33 23
73 33 22
74 33 21
75 33 20
76 33 20
77 33 19
78 33 18
79 33 17
80 33 16
81 33 16
82 33 15
83 33 14
84 33 13
85 33 12
86 33 11
87 33 10
88 33 9
89 33 8
90 33 7
91 33 7
92 33 6
93 33 5
94 33 4
95 33 3
6 34 3
7 34 4
8 34 5
9 34 6
10 34 7
11 34 8
12 34 9
13 34 10
14 34 11
15 34 12
16 34 12
17 34 13
18 34 14
19 34 15
20 34 16
21 34 17
22 34 18
23 34 19
24 34 19
25 34 20
26 34 21
27 34 22
28 34 23
29 34 24
30 34 24
31 34 25
32 34 26
33 34 27
34 34 27
35 34 28
36 34 29
37 34 29
38 34 30
39 34 30
40 34 31
41 34 31
42 34 32
43 34 32
44 34 33
45 34 33
46 34 33
47 34 34
48 34 34
49 34 34
50 34 34
51 34 34
52 34 34
53 34 34
54 34 34
55 34 33
56 34 33
57 34 33
58 34 32
59 34 32
60 34 31
61 34 31
62 34 30
63 34 30
64 34 29
65 34 29
66 34 28
67 34 27
68 34 27
69 34 26
70 34 25
71 34 24
72 34 24
73 34 23
74 34 22
75 34 21
76 34 20
77 34 19
78 34 19
79 34 18
80 34 17
81 34 16
82 34 15
83 34 14
84 34 13
85 34 12
86 34 12
87 34 11
88 34 10
89 34 9
90 34 8
91 34 7
92 34 6
93 34 5
94 34 4
95 34 3
6 35 3
7 35 4
8 35 5
9 35 6
10 35 7
11 35 8
12 35 9
13 35 10
14 35 11
15 35 12
16 35 13
17 35 14
18 35 15
19 35 16
20 35 16
21 35 17
22 35 18
23 35 19
24 35 20
25 35 21
26 35 22
27 35 22
28 35 23
29 35 24
30 35 25
31 35 26
32 35 26
33 35 27
34 35 28
35 35 29
36 35 29
37 35 30
38 35 31
39 35 31
40 35 32
41 35 32
42 35 33
43 35 33
44 35 34
45 35 34
46 35 34
47 35 35
48 35 35
49 35 35
50 35 35
51 35 35
52 35 35
53 35 35
54 35 35
55 35 34
56 35 34
57 35 34
58 35 33
59 35 33
60 35 32
61 35 32
62 35 31
63 35 31
64 35 30
65 35 29
66 35 29
67 35 28
68 35 27
69 35 26
70 35 26
71 35 25
72 35 24
73 35 23
74 35 22
75 35 22
76 35 21
77 35 20
78 35 19
79 35 18
80 35 17
81 35 16
82 35 16
83 35 15
84 35 14
85 35 13
86 35 12
87 35 11
88 35 10
89 35 9
90 35 8
91 35 7
92 35 6
93 35 5
94 35 4
95 35 3
4 36 2
5 36 3
6 36 4
7 36 5
8 36 6
9 36 7
10 36 8
11 36 8
12 36 9
13 36 10
14 36 11
15 36 12
16 36 13
17 36 14
18 36 15
19 36 16
20 36 17
21 36 18
22 36 19
23 36 19
24 36 20
25 36 21
26 36 22
27 36 23
28 36 24
29 36 25
30 36 25
31 36 26
32 36 27
33 36 28
34 36 29
35 36 29
36 36 30
37 36 31
38 36 31
39 36 32
40 36 33
41 36 33
42 36 34
43 36 34
44 36 35
45 36 35
46 36 35
47 36 36
48 36 36
49 36 36
50 36 36
51 36 36
52 36 36
53 36 36
54 36 36
55 36 35
56 36 35
57 36 35
58 36 34
59 36 34
60 36 33
61 36 33
62 36 32
63 36 31
64 36 31
65 36 30
66 36 29
67 36 29
68 36 28
69 36 27
70 36 26
71 36 25
72 36 25
73 36 24
74 36 23
75 36 22
76 36 21
77 36 20
78 36 19
79 36 19
80 36 18
81 36 17
82 36 16
83 36 15
84 36 14
85 36 13
86 36 12
87 36 11
88 36 10
89 36 9
90 36 8
91 36 8
92 36 7
93 36 6
94 36 5
95 36 4
96 36 3
97 36 2
4 37 2
5 37 3
6 37 4
7 37 5
8 37 6
9 37 7
10 37 8
11 37 9
12 37 10
13 37 11
14 37 12
15 37 13
16 37 14
17 37 14
18 37 15
19 37 16
20 37 17
21 37 18
22 37 19
23 37 20
24 37 21
25 37 22
26 37 23
27 37 23
28 37 24
29 37 25
30 37 26
31 37 27
32 37 28
33 37 28
34 37 29
35 37 30
36 37 31
37 37 31
38 37 32
39 37 33
40 37 33
41 37 34
42 37 35
43 37 35
44 37 36
45 37 36
46 37 36
47 37 37
48 37 37
49 37 37
50 37 37
51 37 37
52 37 37
53 37 37
54 37 37
55 37 36
56 37 36
57 37 36
58 37 35
59 37 35
60 37 34
61 37 33
62 37 33
63 37 32
64 37 31
65 37 31
66 37 30
67 37 29
68 37 28
69 37 28
70 37 27
71 37 26
72 37 25
73 37 24
74 37 23
75 37 23
76 37 22
77 37 21
78 37 20
79 37 19
80 37 18
81 37 17
82 37 16
83 37 15
84 37 14
85 37 14
86 37 13
87 37 12
88 37 11
89 37 10
90 37 9
91 37 8
92 37 7
93 37 6
94 37 5
95 37 4
96 37 3
97 37 2
4 38 3
5 38 3
6 38 4
7 38 5
8 38 6
9 38 7
10 38 8
11 38 9
12 38 10
13 38 11
14 38 12
15 38 13
16 38 14
17 38 15
18 38 16
19 38 17
20 38 18
21 38 19
22 38 19
23 38 20
24 38 21
25 38 22
26 38 23
27 38 24
28 38 25
29 38 26
30 38 27
31 38 27
32 38 28
33 38 29
34 38 30
35 38 31
36 38 31
37 38 32
38 38 33
39 38 34
40 38 34
41 38 35
42 38 35
43 38 36
44 38 36
45 38 37
46 38 37
47 38 38
48 38 38
49 38 38
50 38 38
51 38 38
52 38 38
53 38 38
54 38 38
55 38 37
56 38 37
57 38 36
58 38 36
59 38 35
60 38 35
61 38 34
62 38 34
63 38 33
64 38 32
65 38 31
66 38 31
67 38 30
68 38 29
69 38 28
70 38 27
71 38 27
72 38 26
73 38 25
74 38 24
75 38 23
76 38 22
77 38 21
78 38 20
79 38 19
80 38 19
81 38 18
82 38 17
83 38 16
84 38 15
85 38 14
86 38 13
87 38 12
88 38 11
89 38 10
90 38 9
91 38 8
92 38 7
93 38 6
94 38 5
95 38 4
96 38 3
97 38 3
4 39 3
5 39 4
6 39 5
7 39 6
8 39 7
9 39 8
10 39 9
11 39 9
12 39 10
13 39 11
14 39 12
15 39 13
16 39 14
17 39 15
18 39 16
19 39 17
20 39 18
21 39 19
22 39 20
23 39 21
24 39 22
25 39 23
26 39 23
27 39 24
28 39 25
29 39 26
30 39 27
31 39 28
32 39 29
33 39 30
34 39 30
35 39 31
36 39 32
37 39 33
38 39 34
39 39 34
40 39 35
41 39 36
42 39 36
43 39 37
44 39 37
45 39 38
46 39 38
47 39 38
48 39 39
49 39 39
50 39 39
51 39 39
52 39 39
53 39 39
54 39 38
55 39 38
56 39 38
57 39 37
58 39 37
59 39 36
60 39 36
61 39 35
62 39 34
63 39 34
64 39 33
65 39 32
66 39 31
67 39 30
68 39 30
69 39 29
70 39 28
71 39 27
72 39 26
73 39 25
74 39 24
75 39 23
76 39 23
77 39 22
78 39 21
79 39 20
80 39 19
81 39 18
82 39 17
83 39 16
84 39 15
85 39 14
86 39 13
87 39 12
88 39 11
89 39 10
90 39 9
91 39 9
92 39 8
93 39 7
94 39 6
95 39 5
96 39 4
97 39 3
4 40 3
5 40 4
6 40 5
7 40 6
8 40 7
9 40 8
10 40 9
11 40 10
12 40 11
13 40 12
14 40 13
15 40 14
16 40 14
17 40 15
18 40 16
19 40 17
20 40 18
21 40 19
22 40 20
23 40 21
24 40 22
25 40 23
26 40 24
27 40 25
28 40 26
29 40 27
30 40 28
31 40 28
32 40 29
33 40 30
34 40 31
35 40 32
36 40 33
37 40 33
38 40 34
39 40 35
40 40 36
41 40 36
42 40 37
43 40 38
44 40 38
45 40 39
56 40 39
57 40 38
58 40 38
59 40 37
60 40 36
61 40 36
62 40 35
63 40 34
64 40 33
65 40 33
66 40 32
67 40 31
68 40 30
69 40 29
70 40 28
71 40 28
72 40 27
73 40 26
74 40 25
75 40 24
76 40 23
77 40 22
78 40 21
79 40 20
80 40 19
81 40 18
82 40 17
83 40 16
84 40 15
85 40 14
86 40 14
87 40 13
88 40 12
89 40 11
90 40 10
91 40 9
92 40 8
93 40 7
94 40 6
95 40 5
96 40 4
97 40 3
1 41 1
2 41 1
3 41 2
4 41 3
5 41 4
6 41 5
7 41 6
8 41 7
9 41 8
10 41 9
11 41 10
12 41 11
13 41 12
14 41 13
15 41 14
16 41 15
17 41 16
18 41 17
19 41 18
20 41 19
21 41 20
22 41 20
23 41 21
24 41 22
25 41 23
26 41 24
27 41 25
28 41 26
29 41 27
30 41 28
31 41 29
32 41 30
33 41 31
34 41 31
35 41 32
36 41 33
37 41 34
38 41 35
39 41 36
40 41 36
41 41 37
42 41 38
43 41 38
58 41 38
59 41 38
60 41 37
61 41 36
62 41 36
63 41 35
64 41 34
65 41 33
66 41 32
67 41 31
68 41 31
69 41 30
70 41 29
71 41 28
72 41 27
73 41 26
74 41 25
75 41 24
76 41 23
77 41 22
78 41 21
79 41 20
80 41 20
81 41 19
82 41 18
83 41 17
84 41 16
85 41 15
86 41 14
87 41 13
88 41 12
89 41 11
90 41 10
91 41 9
92 41 8
93 41 7
94 41 6
95 41 5
96 41 4
97 41 3
98 41 2
99 41 1
100 41 1
1 42 1
2 42 1
3 42 2
4 42 3
5 42 4
6 42 5
7 42 6
8 42 7
9 42 8
10 42 9
11 42 10
12 42 11
13 42 12
14 42 13
15 42 14
16 42 15
17 42 16
18 42 17
19 42 18
20 42 19
21 42 20
22 42 21
23 42 22
24 42 23
25 42 24
26 42 25
27 42 26
28 42 26
29 42 27
30 42 28
31 42 29
32 42 30
33 42 31
34 42 32
35 42 33
36 42 34
37 42 35
38 42 35
39 42 36
40 42 37
41 42 38
42 42 39
59 42 39
60 42 38
61 42 37
62 42 36
63 42 35
64 42 35
65 42 34
66 42 33
67 42 32
68 42 31
69 42 30
70 42 29
71 42 28
72 42 27
73 42 26
74 42 26
75 42 25
76 42 24
77 42 23
78 42 22
79 42 21
80 42 20
81 42 19
82 42 18
83 42 17
84 42 16
85 42 15
86 42 14
87 42 13
88 42 12
89 42 11
90 42 10
91 42 9
92 42 8
93 42 7
94 42 6
95 42 5
96 42 4
97 42 3
98 42 2
99 42 1
100 42 1
1 43 1
2 43 1
3 43 2
4 43 3
5 43 4
6 43 5
7 43 6
8 43 7
9 43 8
10 43 9
11 43 10
12 43 11
13 43 12
14 43 13
15 43 14
16 43 15
17 43 16
18 43 17
19 43 18
20 43 19
21 43 20
22 43 21
23 43 22
24 43 23
25 43 24
26 43 25
27 43 26
28 43 27
29 43 28
30 43 29
31 43 30
32 43 31
33 43 31
34 43 32
35 43 33
36 43 34
37 43 35
38 43 36
39 43 37
40 43 38
41 43 38
60 43 38
61 43 38
62 43 37
63 43 36
64 43 35
65 43 34
66 43 33
67 43 32
68 43 31
69 43 31
70 43 30
71 43 29
72 43 28
73 43 27
74 43 26
75 43 25
76 43 24
77 43 23
78 43 22
79 43 21
80 43 20
81 43 19
82 43 18
83 43 17
84 43 16
85 43 15
86 43 14
87 43 13
88 43 12
89 43 11
90 43 10
91 43 9
92 43 8
93 43 7
94 43 6
95 43 5
96 43 4
97 43 3
98 43 2
99 43 1
100 43 1
1 44 1
2 44 2
3 44 3
4 44 4
5 44 5
6 44 6
7 44 7
8 44 8
9 44 9
10 44 10
11 44 10
12 44 11
13 44 12
14 44 13
15 44 14
16 44 15
17 44 16
18 44 17
19 44 18
20 44 19
21 44 20
22 44 21
23 44 22
24 44 23
25 44 24
26 44 25
27 44 26
28 44 27
29 44 28
30 44 29
31 44 30
32 44 31
33 44 32
34 44 33
35 44 34
36 44 35
37 44 36
38 44 36
39 44 37
40 44 38
61 44 38
62 44 37
63 44 36
64 44 36
65 44 35
66 44 34
67 44 33
68 44 32
69 44 31
70 44 30
71 44 29
72 44 28
73 44 27
74 44 26
75 44 25
76 44 24
77 44 23
78 44 22
79 44 21
80 44 20
81 44 19
82 44 18
83 44 17
84 44 16
85 44 15
86 44 14
87 44 13
88 44 12
89 44 11
90 44 10
91 44 10
92 44 9
93 44 8
94 44 7
95 44 6
96 44 5
97 44 4
98 44 3
99 44 2
100 44 1
1 45 1
2 45 2
3 45 3
4 45 4
5 45 5
6 45 6
7 45 7
8 45 8
9 45 9
10 45 10
11 45 11
12 45 12
13 45 13
14 45 14
15 45 15
16 45 16
17 45 17
18 45 18
19 45 19
20 45 20
21 45 21
22 45 21
23 45 22
24 45 23
25 45 24
26 45 25
27 45 26
28 45 27
29 45 28
30 45 29
31 45 30
32 45 31
33 45 32
34 45 33
35 45 34
36 45 35
37 45 36
38 45 37
39 45 38
40 45 39
61 45 39
62 45 38
63 45 37
64 45 36
65 45 35
66 45 34
67 45 33
68 45 32
69 45 31
70 45 30
71 45 29
72 45 28
73 45 27
74 45 26
75 45 25
76 45 24
77 45 23
78 45 22
79 45 21
80 45 21
81 45 20
82 45 19
83 45 18
84 45 17
85 45 16
86 45 15
87 45 14
88 45 13
89 45 12
90 45 11
91 45 10
92 45 9
93 45 8
94 45 7
95 45 6
96 45 5
97 45 4
98 45 3
99 45 2
100 45 1
1 46 1
2 46 2
3 46 3
4 46 4
5 46 5
6 46 6
7 46 7
8 46 8
9 46 9
10 46 10
11 46 11
12 46 12
13 46 13
14 46 14
15 46 15
16 46 16
17 46 17
18 46 18
19 46 19
20 46 20
21 46 21
22 46 22
23 46 23
24 46 24
25 46 25
26 46 26
27 46 27
28 46 28
29 46 29
30 46 30
31 46 31
32 46 31
33 46 32
34 46 33
35 46 34
36 46 35
37 46 36
38 46 37
39 46 38
62 46 38
63 46 37
64 46 36
65 46 35
66 46 34
67 46 33
68 46 32
69 46 31
70 46 31
71 46 30
72 46 29
73 46 28
74 46 27
75 46 26
76 46 25
77 46 24
78 46 23
79 46 22
80 46 21
81 46 20
82 46 19
83 46 18
84 46 17
85 46 16
86 46 15
87 46 14
88 46 13
89 46 12
90 46 11
91 46 10
92 46 9
93 46 8
94 46 7
95 46 6
96 46 5
97 46 4
98 46 3
99 46 2
100 46 1
1 47 1
2 47 2
3 47 3
4 47 4
5 47 5
6 47 6
7 47 7
8 47 8
9 47 9
10 47 10
11 47 11
12 47 12
13 47 13
14 47 14
15 47 15
16 47 16
17 47 17
18 47 18
19 47 19
20 47 20
21 47 21
22 47 22
23 47 23
24 47 24
25 47 25
26 47 26
27 47 27
28 47 28
29 47 29
30 47 30
31 47 31
32 47 32
33 47 33
34 47 34
35 47 35
36 47 36
37 47 37
38 47 38
39 47 38
62 47 38
63 47 38
64 47 37
65 47 36
66 47 35
67 47 34
68 47 33
69 47 32
70 47 31
71 47 30
72 47 29
73 47 28
74 47 27
75 47 26
76 47 25
77 47 24
78 47 23
79 47 22
80 47 21
81 47 20
82 47 19
83 47 18
84 47 17
85 47 16
86 47 15
87 47 14
88 47 13
89 47 12
90 47 11
91 47 10
92 47 9
93 47 8
94 47 7
95 47 6
96 47 5
97 47 4
98 47 3
99 47 2
100 47 1
1 48 1
2 48 2
3 48 3
4 48 4
5 48 5
6 48 6
7 48 7
8 48 8
9 48 9
10 48 10
11 48 11
12 48 12
13 48 13
14 48 14
15 48 15
16 48 16
17 48 17
18 48 18
19 48 19
20 48 20
21 48 21
22 48 22
23 48 23
24 48 24
25 48 25
26 48 26
27 48 27
28 48 28
29 48 29
30 48 30
31 48 31
32 48 32
33 48 33
34 48 34
35 48 35
36 48 36
37 48 37
38 48 38
39 48 39
62 48 39
63 48 38
64 48 37
65 48 36
66 48 35
67 48 34
68 48 33
69 48 32
70 48 31
71 48 30
72 48 29
73 48 28
74 48 27
75 48 26
76 48 25
77 48 24
78 48 23
79 48 22
80 48 21
81 48 20
82 48 19
83 48 18
84 48 17
85 48 16
86 48 15
87 48 14
88 48 13
89 48 12
90 48 11
91 48 10
92 48 9
93 48 8
94 48 7
95 48 6
96 48 5
97 48 4
98 48 3
99 48 2
100 48 1
1 49 1
2 49 2
3 49 3
4 49 4
5 49 5
6 49 6
7 49 7
8 49 8
9 49 9
10 49 10
11 49 11
12 49 12
13 49 13
14 49 14
15 49 15
16 49 16
17 49 17
18 49 18
19 49 19
20 49 20
21 49 21
22 49 22
23 49 23
24 49 24
25 49 25
26 49 26
27 49 27
28 49 28
29 49 29
30 49 30
31 49 31
32 49 32
33 49 33
34 49 34
35 49 35
36 49 36
37 49 37
38 49 38
39 49 39
62 49 39
63 49 38
64 49 37
65 49 36
66 49 35
67 49 34
68 49 33
69 49 32
70 49 31
71 49 30
72 49 29
73 49 28
74 49 27
75 49 26
76 49 25
77 49 24
78 49 23
79 49 22
80 49 21
81 49 20
82 49 19
83 49 18
84 49 17
85 49 16
86 49 15
87 49 14
88 49 13
89 49 12
90 49 11
91 49 10
92 49 9
93 49 8
94 49 7
95 49 6
96 49 5
97 49 4
98 49 3
99 49 2
100 49 1
1 50 1
2 50 2
3 50 3
4 50 4
5 50 5
6 50 6
7 50 7
8 50 8
9 50 9
10 50 10
11 50 11
12 50 12
13 50 13
14 50 14
15 50 15
16 50 16
17 50 17
18 50 18
19 50 19
20 50 20
21 50 21
22 50 22
23 50 23
24 50 24
25 50 25
26 50 26
27 50 27
28 50 28
29 50 29
30 50 30
31 50 31
32 50 32
33 50 33
34 50 34
35 50 35
36 50 36
37 50 37
38 50 38
39 50 39
62 50 39
63 50 38
64 50 37
65 50 36
66 50 35
67 50 34
68 50 33
69 50 32
70 50 31
71 50 30
72 50 29
73 50 28
74 50 27
75 50 26
76 50 25
77 50 24
78 50 23
79 50 22
80 50 21
81 50 20
82 50 19
83 50 18
84 50 17
85 50 16
86 50 15
87 50 14
88 50 13
89 50 12
90 50 11
91 50 10
92 50 9
93 50 8
94 50 7
95 50 6
96 50 5
97 50 4
98 50 3
99 50 2
100 50 1
1 51 1
2 51 2
3 51 3
4 51 4
5 51 5
6 51 6
7 51 7
8 51 8
9 51 9
10 51 10
11 51 11
12 51 12
13 51 13
14 51 14
15 51 15
16 51 16
17 51 17
18 51 18
19 51 19
20 51 20
21 51 21
22 51 22
23 51 23
24 51 24
25 51 25
26 51 26
27 51 27
28 51 28
29 51 29
30 51 30
31 51 31
32 51 32
33 51 33
34 51 34
35 51 35
36 51 36
37 51 37
38 51 38
39 51 39
62 51 39
63 51 38
64 51 37
65 51 36
66 51 35
67 51 34
68 51 33
69 51 32
70 51 31
71 51 30
72 51 29
73 51 28
74 51 27
75 51 26
76 51 25
77 51 24
78 51 23
79 51 22
80 51 21
81 51 20
82 51 19
83 51 18
84 51 17
85 51 16
86 51 15
87 51 14
88 51 13
89 51 12
90 51 11
91 51 10
92 51 9
93 51 8
94 51 7
95 51 6
96 51 5
97 51 4
98 51 3
99 51 2
100 51 1
1 52 1
2 52 2
3 52 3
4 52 4
5 52 5
6 52 6
7 52 7
8 52 8
9 52 9
10 52 10
11 52 11
12 52 12
13 52 13
14 52 14
15 52 15
16 52 16
17 52 17
18 52 18
19 52 19
20 52 20
21 52 21
22 52 22
23 52 23
24 52 24
25 52 25
26 52 26
27 52 27
28 52 28
29 52 29
30 52 30
31 52 31
32 52 32
33 52 33
34 52 34
35 52 35
36 52 36
37 52 37
38 52 38
39 52 39
62 52 39
63 52 38
64 52 37
65 52 36
66 52 35
67 52 34
68 52 33
69 52 32
70 52 31
71 52 30
72 52 29
73 52 28
74 52 27
75 52 26
76 52 25
77 52 24
78 52 23
79 52 22
80 52 21
81 52 20
82 52 19
83 52 18
84 52 17
85 52 16
86 52 15
87 52 14
88 52 13
89 52 12
90 52 11
91 52 10
92 52 9
93 52 8
94 52 7
95 52 6
96 52 5
97 52 4
98 52 3
99 52 2
100 52 1
1 53 1
2 53 2
3 53 3
4 53 4
5 53 5
6 53 6
7 53 7
8 53 8
9 53 9
10 53 10
11 53 11
12 53 12
13 53 13
14 53 14
15 53 15
16 53 16
17 53 17
18 53 18
19 53 19
20 53 20
21 53 21
22 53 22
23 53 23
24 53 24
25 53 25
26 53 26
27 53 27
28 53 28
29 53 29
30 53 30
31 53 31
32 53 32
33 53 33
34 53 34
35 53 35
36 53 36
37 53 37
38 53 38
39 53 39
62 53 39
63 53 38
64 53 37
65 53 36
66 53 35
67 53 34
68 53 33
69 53 32
70 53 31
71 53 30
72 53 29
73 53 28
74 53 27
75 53 26
76 53 25
77 53 24
78 53 23
79 53 22
80 53 21
81 53 20
82 53 19
83 53 18
84 53 17
85 53 16
86 53 15
87 53 14
88 53 13
89 53 12
90 53 11
91 53 10
92 53 9
93 53 8
94 53 7
95 53 6
96 53 5
97 53 4
98 53 3
99 53 2
100 53 1
1 54 1
2 54 2
3 54 3
4 54 4
5 54 5
6 54 6
7 54 7
8 54 8
9 54 9
10 54 10
11 54 11
12 54 12
13 54 13
14 54 14
15 54 15
16 54 16
17 54 17
18 54 18
19 54 19
20 54 20
21 54 21
22 54 22
23 54 23
24 54 24
25 54 25
26 54 26
27 54 27
28 54 28
29 54 29
30 54 30
31 54 31
32 54 32
33 54 33
34 54 34
35 54 35
36 54 36
37 54 37
38 54 38
39 54 38
62 54 38
63 54 38
64 54 37
65 54 36
66 54 35
67 54 34
68 54 33
69 54 32
70 54 31
71 54 30
72 54 29
73 54 28
74 54 27
75 54 26
76 54 25
77 54 24
78 54 23
79 54 22
80 54 21
81 54 20
82 54 19
83 54 18
84 54 17
85 54 16
86 54 15
87 54 14
88 54 13
89 54 12
90 54 11
91 54 10
92 54 9
93 54 8
94 54 7
95 54 6
96 54 5
97 54 4
98 54 3
99 54 2
100 54 1
1 55 1
2 55 2
3 55 3
4 55 4
5 55 5
6 55 6
7 55 7
8 55 8
9 55 9
10 55 10
11 55 11
12 55 12
13 55 13
14 55 14
15 55 15
16 55 16
17 55 17
18 55 18
19 55 19
20 55 20
21 55 21
22 55 22
23 55 23
24 55 24
25 55 25
26 55 26
27 55 27
28 55 28
29 55 29
30 55 30
31 55 31
32 55 31
33 55 32
34 55 33
35 55 34
36 55 35
37 55 36
38 55 37
39 55 38
62 55 38
63 55 37
64 55 36
65 55 35
66 55 34
67 55 33
68 55 32
69 55 31
70 55 31
71 55 30
72 55 29
73 55 28
74 55 27
75 55 26
76 55 25
77 55 24
78 55 23
79 55 22
80 55 21
81 55 20
82 55 19
83 55 18
84 55 17
85 55 16
86 55 15
87 55 14
88 55 13
89 55 12
90 55 11
91 55 10
92 55 9
93 55 8
94 55 7
95 55 6
96 55 5
97 55 4
98 55 3
99 55 2
100 55 1
1 56 1
2 56 2
3 56 3
4 56 4
5 56 5
6 56 6
7 56 7
8 56 8
9 56 9
10 56 10
11 56 11
12 56 12
13 56 13
14 56 14
15 56 15
16 56 16
17 56 17
18 56 18
19 56 19
20 56 20
21 56 21
22 56 21
23 56 22
24 56 23
25 56 24
26 56 25
27 56 26
28 56 27
29 56 28
30 56 29
31 56 30
32 56 31
33 56 32
34 56 33
35 56 34
36 56 35
37 56 36
38 56 37
39 56 38
40 56 39
61 56 39
62 56 38
63 56 37
64 56 36
65 56 35
66 56 34
67 56 33
68 56 32
69 56 31
70 56 30
71 56 29
72 56 28
73 56 27
74 56 26
75 56 25
76 56 24
77 56 23
78 56 22
79 56 21
80 56 21
81 56 20
82 56 19
83 56 18
84 56 17
85 56 16
86 56 15
87 56 14
88 56 13
89 56 12
90 56 11
91 56 10
92 56 9
93 56 8
94 56 7
95 56 6
96 56 5
97 56 4
98 56 3
99 56 2
100 56 1
1 57 1
2 57 2
3 57 3
4 57 4
5 57 5
6 57 6
7 57 7
8 57 8
9 57 9
10 57 10
11 57 10
12 57 11
13 57 12
14 57 13
15 57 14
16 57 15
17 57 16
18 57 17
19 57 18
20 57 19
21 57 20
22 57 21
23 57 22
24 57 23
25 57 24
26 57 25
27 57 26
28 57 27
29 57 28
30 57 29
31 57 30
32 57 31
33 57 32
34 57 33
35 57 34
36 57 35
37 57 36
38 57 36
39 57 37
40 57 38
61 57 38
62 57 37
63 57 36
64 57 36
65 57 35
66 57 34
67 57 33
68 57 32
69 57 31
70 57 30
71 57 29
72 57 28
73 57 27
74 57 26
75 57 25
76 57 24
77 57 23
78 57 22
79 57 21
80 57 20
81 57 19
82 57 18
83 57 17
84 57 16
85 57 15
86 57 14
87 57 13
88 57 12
89 57 11
90 57 10
91 57 10
92 57 9
93 57 8
94 57 7
95 57 6
96 57 5
97 57 4
98 57 3
99 57 2
100 57 1
1 58 1
2 58 1
3 58 2
4 58 3
5 58 4
6 58 5
7 58 6
8 58 7
9 58 8
10 58 9
11 58 10
12 58 11
13 58 12
14 58 13
15 58 14
16 58 15
17 58 16
18 58 17
19 58 18
20 58 19
21 58 20
22 58 21
23 58 22
24 58 23
25 58 24
26 58 25
27 58 26
28 58 27
29 58 28
30 58 29
31 58 30
32 58 31
33 58 31
34 58 32
35 58 33
36 58 34
37 58 35
38 58 36
39 58 37
40 58 38
41 58 38
60 58 38
61 58 38
62 58 37
63 58 36
64 58 35
65 58 34
66 58 33
67 58 32
68 58 31
69 58 31
70 58 30
71 58 29
72 58 28
73 58 27
74 58 26
75 58 25
76 58 24
77 58 23
78 58 22
79 58 21
80 58 20
81 58 19
82 58 18
83 58 17
84 58 16
85 58 15
86 58 14
87 58 13
88 58 12
89 58 11
90 58 10
91 58 9
92 58 8
93 58 7
94 58 6
95 58 5
96 58 4
97 58 3
98 58 2
99 58 1
100 58 1
1 59 1
2 59 1
3 59 2
4 59 3
5 59 4
6 59 5
7 59 6
8 59 7
9 59 8
10 59 9
11 59 10
12 59 11
13 59 12
14 59 13
15 59 14
16 59 15
17 59 16
18 59 17
19 59 18
20 59 19
21 59 20
22 59 21
23 59 22
24 59 23
25 59 24
26 59 25
27 59 26
28 59 26
29 59 27
30 59 28
31 59 29
32 59 30
33 59 31
34 59 32
35 59 33
36 59 34
37 59 35
38 59 35
39 59 36
40 59 37
41 59 38
42 59 39
59 59 39
60 59 38
61 59 37
62 59 36
63 59 35
64 59 35
65 59 34
66 59 33
67 59 32
68 59 31
69 59 30
70 59 29
71 59 28
72 59 27
73 59 26
74 59 26
75 59 25
76 59 24
77 59 23
78 59 22
79 59 21
80 59 20
81 59 19
82 59 18
83 59 17
84 59 16
85 59 15
86 59 14
87 59 13
88 59 12
89 59 11
90 59 10
91 59 9
92 59 8
93 59 7
94 59 6
95 59 5
96 59 4
97 59 3
98 59 2
99 59 1
100 59 1
1 60 1
2 60 1
3 60 2
4 60 3
5 60 4
6 60 5
7 60 6
8 60 7
9 60 8
10 60 9
11 60 10
12 60 11
13 60 12
14 60 13
15 60 14
16 60 15
17 60 16
18 60 17
19 60 18
20 60 19
21 60 20
22 60 20
23 60 21
24 60 22
25 60 23
26 60 24
27 60 25
28 60 26
29 60 27
30 60 28
31 60 29
32 60 30
33 60 31
34 60 31
35 60 32
36 60 33
37 60 34
38 60 35
39 60 36
40 60 36
41 60 37
42 60 38
43 60 38
58 60 38
59 60 38
60 60 37
61 60 36
62 60 36
63 60 35
64 60 34
65 60 33
66 60 32
67 60 31
68 60 31
69 60 30
70 60 29
71 60 28
72 60 27
73 60 26
74 60 25
75 60 24
76 60 23
77 60 22
78 60 21
79 60 20
80 60 20
81 60 19
82 60 18
83 60 17
84 60 16
85 60 15
86 60 14
87 60 13
88 60 12
89 60 11
90 60 10
91 60 9
92 60 8
93 60 7
94 60 6
95 60 5
96 60 4
97 60 3
98 60 2
99 60 1
100 60 1
4 61 3
5 61 4
6 61 5
7 61 6
8 61 7
9 61 8
10 61 9
11 61 10
12 61 11
13 61 12
14 61 13
15 61 14
16 61 14
17 61 15
18 61 16
19 61 17
20 61 18
21 61 19
22 61 20
23 61 21
24 61 22
25 61 23
26 61 24
27 61 25
28 61 26
29 61 27
30 61 28
31 61 28
32 61 29
33 61 30
34 61 31
35 61 32
36 61 33
37 61 33
38 61 34
39 61 35
40 61 36
41 61 36
42 61 37
43 61 38
44 61 38
45 61 39
56 61 39
57 61 38
58 61 38
59 61 37
60 61 36
61 61 36
62 61 35
63 61 34
64 61 33
65 61 33
66 61 32
67 61 31
68 61 30
69 61 29
70 61 28
71 61 28
72 61 27
73 61 26
74 61 25
75 61 24
76 61 23
77 61 22
78 61 21
79 61 20
80 61 19
81 61 18
82 61 17
83 61 16
84 61 15
85 61 14
86 61 14
87 61 13
88 61 12
89 61 11
90 61 10
91 61 9
92 61 8
93 61 7
94 61 6
95 61 5
96 61 4
97 61 3
4 62 3
5 62 4
6 62 5
7 62 6
8 62 7
9 62 8
10 62 9
11 62 9
12 62 10
13 62 11
14 62 12
15 62 13
16 62 14
17 62 15
18 62 16
19 62 17
20 62 18
21 62 19
22 62 20
23 62 21
24 62 22
25 62 23
26 62 23
27 62 24
28 62 25
29 62 26
30 62 27
31 62 28
32 62 29
33 62 30
34 62 30
35 62 31
36 62 32
37 62 33
38 62 34
39 62 34
40 62 35
41 62 36
42 62 36
43 62 37
44 62 37
45 62 38
46 62 38
47 62 38
48 62 39
49 62 39
50 62 39
51 62 39
52 62 39
53 62 39
54 62 38
55 62 38
56 62 38
57 62 37
58 62 37
59 62 36
60 62 36
61 62 35
62 62 34
63 62 34
64 62 33
65 62 32
66 62 31
67 62 30
68 62 30
69 62 29
70 62 28
71 62 27
72 62 26
73 62 25
74 62 24
75 62 23
76 62 23
77 62 22
78 62 21
79 62 20
80 62 19
81 62 18
82 62 17
83 62 16
84 62 15
85 62 14
86 62 13
87 62 12
88 62 11
89 62 10
90 62 9
91 62 9
92 62 8
93 62 7
94 62 6
95 62 5
96 62 4
97 62 3
4 63 3
5 63 3
6 63 4
7 63 5
8 63 6
9 63 7
10 63 8
11 63 9
12 63 10
13 63 11
14 63 12
15 63 13
16 63 14
17 63 15
18 63 16
19 63 17
20 63 18
21 63 19
22 63 19
23 63 20
24 63 21
25 63 22
26 63 23
27 63 24
28 63 25
29 63 26
30 63 27
31 63 27
32 63 28
33 63 29
34 63 30
35 63 31
36 63 31
37 63 32
38 63 33
39 63 34
40 63 34
41 63 35
42 63 35
43 63 36
44 63 36
45 63 37
46 63 37
47 63 38
48 63 38
49 63 38
50 63 38
51 63 38
52 63 38
53 63 38
54 63 38
55 63 37
56 63 37
57 63 36
58 63 36
59 63 35
60 63 35
61 63 34
62 63 34
63 63 33
64 63 32
65 63 31
66 63 31
67 63 30
68 63 29
69 63 28
70 63 27
71 63 27
72 63 26
73 63 25
74 63 24
75 63 23
76 63 22
77 63 21
78 63 20
79 63 19
80 63 19
81 63 18
82 63 17
83 63 16
84 63 15
85 63 14
86 63 13
87 63 12
88 63 11
89 63 10
90 63 9
91 63 8
92 63 7
93 63 6
94 63 5
95 63 4
96 63 3
97 63 3
4 64 2
5 64 3
6 64 4
7 64 5
8 64 6
9 64 7
10 64 8
11 64 9
12 64 10
13 64 11
14 64 12
15 64 13
16 64 14
17 64 14
18 64 15
19 64 16
20 64 17
21 64 18
22 64 19
23 64 20
24 64 21
25 64 22
26 64 23
27 64 23
28 64 24
29 64 25
30 64 26
31 64 27
32 64 28
33 64 28
34 64 29
35 64 30
36 64 31
37 64 31
38 64 32
39 64 33
40 64 33
41 64 34
42 64 35
43 64 35
44 64 36
45 64 36
46 64 36
47 64 37
48 64 37
49 64 37
50 64 37
51 64 37
52 64 37
53 64 37
54 64 37
55 64 36
56 64 36
57 64 36
58 64 35
59 64 35
60 64 34
61 64 33
62 64 33
63 64 32
64 64 31
65 64 31
66 64 30
67 64 29
68 64 28
69 64 28
70 64 27
71 64 26
72 64 25
73 64 24
74 64 23
75 64 23
76 64 22
77 64 21
78 64 20
79 64 19
80 64 18
81 64 17
82 64 16
83 64 15
84 64 14
85 64 14
86 64 13
87 64 12
88 64 11
89 64 10
90 64 9
91 64 8
92 64 7
93 64 6
94 64 5
95 64 4
96 64 3
97 64 2
4 65 2
5 65 3
6 65 4
7 65 5
8 65 6
9 65 7
10 65 8
11 65 8
12 65 9
13 65 10
14 65 11
15 65 12
16 65 13
17 65 14
18 65 15
19 65 16
20 65 17
21 65 18
22 65 19
23 65 19
24 65 20
25 65 21
26 65 22
27 65 23
28 65 24
29 65 25
30 65 25
31 65 26
32 65 27
33 65 28
34 65 29
35 65 29
36 65 30
37 65 31
38 65 31
39 65 32
40 65 33
41 65 33
42 65 34
43 65 34
44 65 35
45 65 35
46 65 35
47 65 36
48 65 36
49 65 36
50 65 36
51 65 36
52 65 36
53 65 36
54 65 36
55 65 35
56 65 35
57 65 35
58 65 34
59 65 34
60 65 33
61 65 33
62 65 32
63 65 31
64 65 31
65 65 30
66 65 29
67 65 29
68 65 28
69 65 27
70 65 26
71 65 25
72 65 25
73 65 24
74 65 23
75 65 22
76 65 21
77 65 20
78 65 19
79 65 19
80 65 18
81 65 17
82 65 16
83 65 15
84 65 14
85 65 13
86 65 12
87 65 11
88 65 10
89 65 9
90 65 8
91 65 8
92 65 7
93 65 6
94 65 5
95 65 4
96 65 3
97 65 2
6 66 3
7 66 4
8 66 5
9 66 6
10 66 7
11 66 8
12 66 9
13 66 10
14 66 11
15 66 12
16 66 13
17 66 14
18 66 15
19 66 16
20 66 16
21 66 17
22 66 18
23 66 19
24 66 20
25 66 21
26 66 22
27 66 22
28 66 23
29 66 24
30 66 25
31 66 26
32 66 26
33 66 27
34 66 28
35 66 29
36 66 29
37 66 30
38 66 31
39 66 31
40 66 32
41 66 32
42 66 33
43 66 33
44 66 34
45 66 34
46 66 34
47 66 35
48 66 35
49 66 35
50 66 35
51 66 35
52 66 35
53 66 35
54 66 35
55 66 34
56 66 34
57 66 34
58 66 33
59 66 33
60 66 32
61 66 32
62 66 31
63 66 31
64 66 30
65 66 29
66 66 29
67 66 28
68 66 27
69 66 26
70 66 26
71 66 25
72 66 24
73 66 23
74 66 22
75 66 22
76 66 21
77 66 20
78 66 19
79 66 18
80 66 17
81 66 16
82 66 16
83 66 15
84 66 14
85 66 13
86 66 12
87 66 11
88 66 10
89 66 9
90 66 8
91 66 7
92 66 6
93 66 5
94 66 4
95 66 3
6 67 3
7 67 4
8 67 5
9 67 6
10 67 7
11 67 8
12 67 9
13 67 10
14 67 11
15 67 12
16 67 12
17 67 13
18 67 14
19 67 15
20 67 16
21 67 17
22 67 18
23 67 19
24 67 19
25 67 20
26 67 21
27 67 22
28 67 23
29 67 24
30 67 24
31 67 25
32 67 26
33 67 27
34 67 27
35 67 28
36 67 29
37 67 29
38 67 30
39 67 30
40 67 31
41 67 31
42 67 32
43 67 32
44 67 33
45 67 33
46 67 33
47 67 34
48 67 34
49 67 34
50 67 34
51 67 34
52 67 34
53 67 34
54 67 34
55 67 33
56 67 33
57 67 33
58 67 32
59 67 32
60 67 31
61 67 31
62 67 30
63 67 30
64 67 29
65 67 29
66 67 28
67 67 27
68 67 27
69 67 26
70 67 25
71 67 24
72 67 24
73 67 23
74 67 22
75 67 21
76 67 20
77 67 19
78 67 19
79 67 18
80 67 17
81 67 16
82 67 15
83 67 14
84 67 13
85 67 12
86 67 12
87 67 11
88 67 10
89 67 9
90 67 8
91 67 7
92 67 6
93 67 5
94 67 4
95 67 3
6 68 3
7 68 4
8 68 5
9 68 6
10 68 7
11 68 7
12 68 8
13 68 9
14 68 10
15 68 11
16 68 12
17 68 13
18 68 14
19 68 15
20 68 16
21 68 16
22 68 17
23 68 18
24 68 19
25 68 20
26 68 20
27 68 21
28 68 22
29 68 23
30 68 24
31 68 24
32 68 25
33 68 26
34 68 27
35 68 27
36 68 28
37 68 28
38 68 29
39 68 30
40 68 30
41 68 31
42 68 31
43 68 31
44 68 32
45 68 32
46 68 32
47 68 33
48 68 33
49 68 33
50 68 33
51 68 33
52 68 33
53 68 33
54 68 33
55 68 32
56 68 32
57 68 32
58 68 31
59 68 31
60 68 31
61 68 30
62 68 30
63 68 29
64 68 28
65 68 28
66 68 27
67 68 27
68 68 26
69 68 25
70 68 24
71 68 24
72 68 23
73 68 22
74 68 21
75 68 20
76 68 20
77 68 19
78 68 18
79 68 17
80 68 16
81 68 16
82 68 15
83 68 14
84 68 13
85 68 12
86 68 11
87 68 10
88 68 9
89 68 8
90 68 7
91 68 7
92 68 6
93 68 5
94 68 4
95 68 3
6 69 2
7 69 3
8 69 4
9 69 5
10 69 6
11 69 7
12 69 8
13 69 9
14 69 10
15 69 11
16 69 12
17 69 12
18 69 13
19 69 14
20 69 15
21 69 16
22 69 17
23 69 17
24 69 18
25 69 19
26 69 20
27 69 21
28 69 21
29 69 22
30 69 23
31 69 24
32 69 24
33 69 25
34 69 26
35 69 26
36 69 27
37 69 28
38 69 28
39 69 29
40 69 29
41 69 30
42 69 30
43 69 31
44 69 31
45 69 31
46 69 31
47 69 32
48 69 32
49 69 32
50 69 32
51 69 32
52 69 32
53 69 32
54 69 32
55 69 31
56 69 31
57 69 31
58 69 31
59 69 30
60 69 30
61 69 29
62 69 29
63 69 28
64 69 28
65 69 27
66 69 26
67 69 26
68 69 25
69 69 24
70 69 24
71 69 23
72 69 22
73 69 21
74 69 21
75 69 20
76 69 19
77 69 18
78 69 17
79 69 17
80 69 16
81 69 15
82 69 14
83 69 13
84 69 12
85 69 12
86 69 11
87 69 10
88 69 9
89 69 8
90 69 7
91 69 6
92 69 5
93 69 4
94 69 3
95 69 2
6 70 2
7 70 3
8 70 4
9 70 5
10 70 6
11 70 7
12 70 8
13 70 8
14 70 9
15 70 10
16 70 11
17 70 12
18 70 13
19 70 14
20 70 14
21 70 15
22 70 16
23 70 17
24 70 18
25 70 19
26 70 19
27 70 20
28 70 21
29 70 22
30 70 22
31 70 23
32 70 24
33 70 24
34 70 25
35 70 26
36 70 26
37 70 27
38 70 27
39 70 28
40 70 28
41 70 29
42 70 29
43 70 30
44 70 30
45 70 30
46 70 31
47 70 31
48 70 31
49 70 31
50 70 31
51 70 31
52 70 31
53 70 31
54 70 31
55 70 31
56 70 30
57 70 30
58 70 30
59 70 29
60 70 29
61 70 28
62 70 28
63 70 27
64 70 27
65 70 26
66 70 26
67 70 25
68 70 24
69 70 24
70 70 23
71 70 22
72 70 22
73 70 21
74 70 20
75 70 19
76 70 19
77 70 18
78 70 17
79 70 16
80 70 15
81 70 14
82 70 14
83 70 13
84 70 12
85 70 11
86 70 10
87 70 9
88 70 8
89 70 8
90 70 7
91 70 6
92 70 5
93 70 4
94 70 3
95 70 2
6 71 2
7 71 3
8 71 4
9 71 5
10 71 5
11 71 6
12 71 7
13 71 8
14 71 9
15 71 10
16 71 11
17 71 11
18 71 12
19 71 13
20 71 14
21 71 15
22 71 16
23 71 16
24 71 17
25 71 18
26 71 19
27 71 19
28 71 20
29 71 21
30 71 22
31 71 22
32 71 23
33 71 24
34 71 24
35 71 25
36 71 25
37 71 26
38 71 27
39 71 27
40 71 28
41 71 28
42 71 28
43 71 29
44 71 29
45 71 29
46 71 30
47 71 30
48 71 30
49 71 30
50 71 30
51 71 30
52 71 30
53 71 30
54 71 30
55 71 30
56 71 29
57 71 29
58 71 29
59 71 28
60 71 28
61 71 28
62 71 27
63 71 27
64 71 26
65 71 25
66 71 25
67 71 24
68 71 24
69 71 23
70 71 22
71 71 22
72 71 21
73 71 20
74 71 19
75 71 19
76 71 18
77 71 17
78 71 16
79 71 16
80 71 15
81 71 14
82 71 13
83 71 12
84 71 11
85 71 11
86 71 10
87 71 9
88 71 8
89 71 7
90 71 6
91 71 5
92 71 5
93 71 4
94 71 3
95 71 2
6 72 1
7 72 2
8 72 3
9 72 4
10 72 5
11 72 6
12 72 7
13 72 8
14 72 8
15 72 9
16 72 10
17 72 11
18 72 12
19 72 13
20 72 13
21 72 14
22 72 15
23 72 16
24 72 17
25 72 17
26 72 18
27 72 19
28 72 20
29 72 20
30 72 21
31 72 22
32 72 22
33 72 23
34 72 24
35 72 24
36 72 25
37 72 25
38 72 26
39 72 26
40 72 27
41 72 27
42 72 27
43 72 28
44 72 28
45 72 28
46 72 29
47 72 29
48 72 29
49 72 29
50 72 29
51 72 29
52 72 29
53 72 29
54 72 29
55 72 29
56 72 28
57 72 28
58 72 28
59 72 27
60 72 27
61 72 27
62 72 26
63 72 26
64 72 25
65 72 25
66 72 24
67 72 24
68 72 23
69 72 22
70 72 22
71 72 21
72 72 20
73 72 20
74 72 19
75 72 18
76 72 17
77 72 17
78 72 16
79 72 15
80 72 14
81 72 13
82 72 13
83 72 12
84 72 11
85 72 10
86 72 9
87 72 8
88 72 8
89 72 7
90 72 6
91 72 5
92 72 4
93 72 3
94 72 2
95 72 1
6 73 1
7 73 2
8 73 3
9 73 4
10 73 5
11 73 5
12 73 6
13 73 7
14 73 8
15 73 9
16 73 9
17 73 10
18 73 11
19 73 12
20 73 13
21 73 14
22 73 14
23 73 15
24 73 16
25 73 17
26 73 17
27 73 18
28 73 19
29 73 20
30 73 20
31 73 21
32 73 21
33 73 22
34 73 23
35 73 23
36 73 24
37 73 24
38 73 25
39 73 25
40 73 26
41 73 26
42 73 26
43 73 27
44 73 27
45 73 27
46 73 28
47 73 28
48 73 28
49 73 28
50 73 28
51 73 28
52 73 28
53 73 28
54 73 28
55 73 28
56 73 27
57 73 27
58 73 27
59 73 26
60 73 26
61 73 26
62 73 25
63 73 25
64 73 24
65 73 24
66 73 23
67 73 23
68 73 22
69 73 21
70 73 21
71 73 20
72 73 20
73 73 19
74 73 18
75 73 17
76 73 17
77 73 16
78 73 15
79 73 14
80 73 14
81 73 13
82 73 12
83 73 11
84 73 10
85 73 9
86 73 9
87 73 8
88 73 7
89 73 6
90 73 5
91 73 5
92 73 4
93 73 3
94 73 2
95 73 1
6 74 1
7 74 1
8 74 2
9 74 3
10 74 4
11 74 5
12 74 6
13 74 7
14 74 7
15 74 8
16 74 9
17 74 10
18 74 11
19 74 11
20 74 12
21 74 13
22 74 14
23 74 15
24 74 15
25 74 16
26 74 17
27 74 17
28 74 18
29 74 19
30 74 19
31 74 20
32 74 21
33 74 21
34 74 22
35 74 22
36 74 23
37 74 23
38 74 24
39 74 24
40 74 25
41 74 25
42 74 26
43 74 26
44 74 26
45 74 26
46 74 27
47 74 27
48 74 27
49 74 27
50 74 27
51 74 27
52 74 27
53 74 27
54 74 27
55 74 27
56 74 26
57 74 26
58 74 26
59 74 26
60 74 25
61 74 25
62 74 24
63 74 24
64 74 23
65 74 23
66 74 22
67 74 22
68 74 21
69 74 21
70 74 20
71 74 19
72 74 19
73 74 18
74 74 17
75 74 17
76 74 16
77 74 15
78 74 15
79 74 14
80 74 13
81 74 12
82 74 11
83 74 11
84 74 10
85 74 9
86 74 8
87 74 7
88 74 7
89 74 6
90 74 5
91 74 4
92 74 3
93 74 2
94 74 1
95 74 1
6 75 1
7 75 1
8 75 2
9 75 3
10 75 4
11 75 4
12 75 5
13 75 6
14 75 7
15 75 8
16 75 8
17 75 9
18 75 10
19 75 11
20 75 12
21 75 12
22 75 13
23 75 14
24 75 15
25 75 15
26 75 16
27 75 17
28 75 17
29 75 18
30 75 19
31 75 19
32 75 20
33 75 21
34 75 21
35 75 22
36 75 22
37 75 23
38 75 23
39 75 24
40 75 24
41 75 24
42 75 25
43 75 25
44 75 25
45 75 25
46 75 26
47 75 26
48 75 26
49 75 26
50 75 26
51 75 26
52 75 26
53 75 26
54 75 26
55 75 26
56 75 25
57 75 25
58 75 25
59 75 25
60 75 24
61 75 24
62 75 24
63 75 23
64 75 23
65 75 22
66 75 22
67 75 21
68 75 21
69 75 20
70 75 19
71 75 19
72 75 18
73 75 17
74 75 17
75 75 16
76 75 15
77 75 15
78 75 14
79 75 13
80 75 12
81 75 12
82 75 11
83 75 10
84 75 9
85 75 8
86 75 8
87 75 7
88 75 6
89 75 5
90 75 4
91 75 4
92 75 3
93 75 2
94 75 1
95 75 1
9 76 2
10 76 3
11 76 4
12 76 5
13 76 6
14 76 6
15 76 7
16 76 8
17 76 9
18 76 9
19 76 10
20 76 11
21 76 12
22 76 13
23 76 13
24 76 14
25 76 15
26 76 15
27 76 16
28 76 17
29 76 17
30 76 18
31 76 19
32 76 19
33 76 20
34 76 20
35 76 21
36 76 21
37 76 22
38 76 22
39 76 23
40 76 23
41 76 23
42 76 24
43 76 24
44 76 24
45 76 24
46 76 25
47 76 25
48 76 25
49 76 25
50 76 25
51 76 25
52 76 25
53 76 25
54 76 25
55 76 25
56 76 24
57 76 24
58 76 24
59 76 24
60 76 23
61 76 23
62 76 23
63 76 22
64 76 22
65 76 21
66 76 21
67 76 20
68 76 20
69 76 19
70 76 19
71 76 18
72 76 17
73 76 17
74 76 16
75 76 15
76 76 15
77 76 14
78 76 13
79 76 13
80 76 12
81 76 11
82 76 10
83 76 9
84 76 9
85 76 8
86 76 7
87 76 6
88 76 6
89 76 5
90 76 4
91 76 3
92 76 2
9 77 2
10 77 3
11 77 3
12 77 4
13 77 5
14 77 6
15 77 7
16 77 7
17 77 8
18 77 9
19 77 10
20 77 10
21 77 11
22 77 12
23 77 13
24 77 13
25 77 14
26 77 15
27 77 15
28 77 16
29 77 17
30 77 17
31 77 18
32 77 18
33 77 19
34 77 19
35 77 20
36 77 20
37 77 21
38 77 21
39 77 22
40 77 22
41 77 22
42 77 23
43 77 23
44 77 23
45 77 24
46 77 24
47 77 24
48 77 24
49 77 24
50 77 24
51 77 24
52 77 24
53 77 24
54 77 24
55 77 24
56 77 24
57 77 23
58 77 23
59 77 23
60 77 22
61 77 22
62 77 22
63 77 21
64 77 21
65 77 20
66 77 20
67 77 19
68 77 19
69 77 18
70 77 18
71 77 17
72 77 17
73 77 16
74 77 15
75 77 15
76 77 14
77 77 13
78 77 13
79 77 12
80 77 11
81 77 10
82 77 10
83 77 9
84 77 8
85 77 7
86 77 7
87 77 6
88 77 5
89 77 4
90 77 3
91 77 3
92 77 2
9 78 1
10 78 2
11 78 3
12 78 4
13 78 4
14 78 5
15 78 6
16 78 7
17 78 7
18 78 8
19 78 9
20 78 10
21 78 10
22 78 11
23 78 12
24 78 13
25 78 13
26 78 14
27 78 15
28 78 15
29 78 16
30 78 16
31 78 17
32 78 18
33 78 18
34 78 19
35 78 19
36 78 20
37 78 20
38 78 20
39 78 21
40 78 21
41 78 21
42 78 22
43 78 22
44 78 22
45 78 23
46 78 23
47 78 23
48 78 23
49 78 23
50 78 23
51 78 23
52 78 23
53 78 23
54 78 23
55 78 23
56 78 23
57 78 22
58 78 22
59 78 22
60 78 21
61 78 21
62 78 21
63 78 20
64 78 20
65 78 20
66 78 19
67 78 19
68 78 18
69 78 18
70 78 17
71 78 16
72 78 16
73 78 15
74 78 15
75 78 14
76 78 13
77 78 13
78 78 12
79 78 11
80 78 10
81 78 10
82 78 9
83 78 8
84 78 7
85 78 7
86 78 6
87 78 5
88 78 4
89 78 4
90 78 3
91 78 2
92 78 1
9 79 1
10 79 2
11 79 2
12 79 3
13 79 4
14 79 5
15 79 5
16 79 6
17 79 7
18 79 8
19 79 8
20 79 9
21 79 10
22 79 10
23 79 11
24 79 12
25 79 13
26 79 13
27 79 14
28 79 14
29 79 15
30 79 16
31 79 16
32 79 17
33 79 17
34 79 18
35 79 18
36 79 19
37 79 19
38 79 19
39 79 20
40 79 20
41 79 21
42 79 21
43 79 21
44 79 21
45 79 22
46 79 22
47 79 22
48 79 22
49 79 22
50 79 22
51 79 22
52 79 22
53 79 22
54 79 22
55 79 22
56 79 22
57 79 21
58 79 21
59 79 21
60 79 21
61 79 20
62 79 20
63 79 19
64 79 19
65 79 19
66 79 18
67 79 18
68 79 17
69 79 17
70 79 16
71 79 16
72 79 15
73 79 14
74 79 14
75 79 13
76 79 13
77 79 12
78 79 11
79 79 10
80 79 10
81 79 9
82 79 8
83 79 8
84 79 7
85 79 6
86 79 5
87 79 5
88 79 4
89 79 3
90 79 2
91 79 2
92 79 1
9 80 1
10 80 1
11 80 2
12 80 2
13 80 3
14 80 4
15 80 5
16 80 5
17 80 6
18 80 7
19 80 8
20 80 8
21 80 9
22 80 10
23 80 10
24 80 11
25 80 12
26 80 12
27 80 13
28 80 14
29 80 14
30 80 15
31 80 15
32 80 16
33 80 16
34 80 17
35 80 17
36 80 18
37 80 18
38 80 19
39 80 19
40 80 19
41 80 20
42 80 20
43 80 20
44 80 20
45 80 21
46 80 21
47 80 21
48 80 21
49 80 21
50 80 21
51 80 21
52 80 21
53 80 21
54 80 21
55 80 21
56 80 21
57 80 20
58 80 20
59 80 20
60 80 20
61 80 19
62 80 19
63 80 19
64 80 18
65 80 18
66 80 17
67 80 17
68 80 16
69 80 16
70 80 15
71 80 15
72 80 14
73 80 14
74 80 13
75 80 12
76 80 12
77 80 11
78 80 10
79 80 10
80 80 9
81 80 8
82 80 8
83 80 7
84 80 6
85 80 5
86 80 5
87 80 4
88 80 3
89 80 2
90 80 2
91 80 1
92 80 1
14 81 3
15 81 4
16 81 5
17 81 6
18 81 6
19 81 7
20 81 8
21 81 8
22 81 9
23 81 10
24 81 10
25 81 11
26 81 12
27 81 12
28 81 13
29 81 13
30 81 14
31 81 14
32 81 15
33 81 16
34 81 16
35 81 17
36 81 17
37 81 17
38 81 18
39 81 18
40 81 18
41 81 19
42 81 19
43 81 19
44 81 19
45 81 20
46 81 20
47 81 20
48 81 20
49 81 20
50 81 20
51 81 20
52 81 20
53 81 20
54 81 20
55 81 20
56 81 20
57 81 19
58 81 19
59 81 19
60 81 19
61 81 18
62 81 18
63 81 18
64 81 17
65 81 17
66 81 17
67 81 16
68 81 16
69 81 15
70 81 14
71 81 14
72 81 13
73 81 13
74 81 12
75 81 12
76 81 11
77 81 10
78 81 10
79 81 9
80 81 8
81 81 8
82 81 7
83 81 6
84 81 6
85 81 5
86 81 4
87 81 3
14 82 3
15 82 4
16 82 4
17 82 5
18 82 6
19 82 6
20 82 7
21 82 8
22 82 8
23 82 9
24 82 10
25 82 10
26 82 11
27 82 11
28 82 12
29 82 13
30 82 13
31 82 14
32 82 14
33 82 15
34 82 15
35 82 16
36 82 16
37 82 16
38 82 17
39 82 17
40 82 17
41 82 18
42 82 18
43 82 18
44 82 18
45 82 19
46 82 19
47 82 19
48 82 19
49 82 19
50 82 19
51 82 19
52 82 19
53 82 19
54 82 19
55 82 19
56 82 19
57 82 18
58 82 18
59 82 18
60 82 18
61 82 17
62 82 17
63 82 17
64 82 16
65 82 16
66 82 16
67 82 15
68 82 15
69 82 14
70 82 14
71 82 13
72 82 13
73 82 12
74 82 11
75 82 11
76 82 10
77 82 10
78 82 9
79 82 8
80 82 8
81 82 7
82 82 6
83 82 6
84 82 5
85 82 4
86 82 4
87 82 3
14 83 2
15 83 3
16 83 3
17 83 4
18 83 5
19 83 6
20 83 6
21 83 7
22 83 8
23 83 8
24 83 9
25 83 10
26 83 10
27 83 11
28 83 11
29 83 12
30 83 12
31 83 13
32 83 13
33 83 14
34 83 14
35 83 15
36 83 15
37 83 15
38 83 16
39 83 16
40 83 17
41 83 17
42 83 17
43 83 17
44 83 17
45 83 18
46 83 18
47 83 18
48 83 18
49 83 18
50 83 18
51 83 18
52 83 18
53 83 18
54 83 18
55 83 18
56 83 18
57 83 17
58 83 17
59 83 17
60 83 17
61 83 17
62 83 16
63 83 16
64 83 15
65 83 15
66 83 15
67 83 14
68 83 14
69 83 13
70 83 13
71 83 12
72 83 12
73 83 11
74 83 11
75 83 10
76 83 10
77 83 9
78 83 8
79 83 8
80 83 7
81 83 6
82 83 6
83 83 5
84 83 4
85 83 3
86 83 3
87 83 2
14 84 2
15 84 2
16 84 3
17 84 4
18 84 4
19 84 5
20 84 6
21 84 6
22 84 7
23 84 8
24 84 8
25 84 9
26 84 9
27 84 10
28 84 10
29 84 11
30 84 12
31 84 12
32 84 12
33 84 13
34 84 13
35 84 14
36 84 14
37 84 14
38 84 15
39 84 15
40 84 16
41 84 16
42 84 16
43 84 16
44 84 16
45 84 17
46 84 17
47 84 17
48 84 17
49 84 17
50 84 17
51 84 17
52 84 17
53 84 17
54 84 17
55 84 17
56 84 17
57 84 16
58 84 16
59 84 16
60 84 16
61 84 16
62 84 15
63 84 15
64 84 14
65 84 14
66 84 14
67 84 13
68 84 13
69 84 12
70 84 12
71 84 12
72 84 11
73 84 10
74 84 10
75 84 9
76 84 9
77 84 8
78 84 8
79 84 7
80 84 6
81 84 6
82 84 5
83 84 4
84 84 4
85 84 3
86 84 2
87 84 2
14 85 1
15 85 2
16 85 2
17 85 3
18 85 4
19 85 4
20 85 5
21 85 5
22 85 6
23 85 7
24 85 7
25 85 8
26 85 8
27 85 9
28 85 10
29 85 10
30 85 11
31 85 11
32 85 12
33 85 12
34 85 12
35 85 13
36 85 13
37 85 14
38 85 14
39 85 14
40 85 15
41 85 15
42 85 15
43 85 15
44 85 15
45 85 16
46 85 16
47 85 16
48 85 16
49 85 16
50 85 16
51 85 16
52 85 16
53 85 16
54 85 16
55 85 16
56 85 16
57 85 15
58 85 15
59 85 15
60 85 15
61 85 15
62 85 14
63 85 14
64 85 14
65 85 13
66 85 13
67 85 12
68 85 12
69 85 12
70 85 11
71 85 11
72 85 10
73 85 10
74 85 9
75 85 8
76 85 8
77 85 7
78 85 7
79 85 6
80 85 5
81 85 5
82 85 4
83 85 4
84 85 3
85 85 2
86 85 2
87 85 1
16 86 2
17 86 2
18 86 3
19 86 4
20 86 4
21 86 5
22 86 5
23 86 6
24 86 7
25 86 7
26 86 8
27 86 8
28 86 9
29 86 9
30 86 10
31 86 10
32 86 11
33 86 11
34 86 12
35 86 12
36 86 12
37 86 13
38 86 13
39 86 13
40 86 14
41 86 14
42 86 14
43 86 14
44 86 15
45 86 15
46 86 15
47 86 15
48 86 15
49 86 15
50 86 15
51 86 15
52 86 15
53 86 15
54 86 15
55 86 15
56 86 15
57 86 15
58 86 14
59 86 14
60 86 14
61 86 14
62 86 13
63 86 13
64 86 13
65 86 12
66 86 12
67 86 12
68 86 11
69 86 11
70 86 10
71 86 10
72 86 9
73 86 9
74 86 8
75 86 8
76 86 7
77 86 7
78 86 6
79 86 5
80 86 5
81 86 4
82 86 4
83 86 3
84 86 2
85 86 2
16 87 1
17 87 2
18 87 2
19 87 3
20 87 4
21 87 4
22 87 5
23 87 5
24 87 6
25 87 6
26 87 7
27 87 7
28 87 8
29 87 8
30 87 9
31 87 9
32 87 10
33 87 10
34 87 11
35 87 11
36 87 11
37 87 12
38 87 12
39 87 12
40 87 13
41 87 13
42 87 13
43 87 13
44 87 14
45 87 14
46 87 14
47 87 14
48 87 14
49 87 14
50 87 14
51 87 14
52 87 14
53 87 14
54 87 14
55 87 14
56 87 14
57 87 14
58 87 13
59 87 13
60 87 13
61 87 13
62 87 12
63 87 12
64 87 12
65 87 11
66 87 11
67 87 11
68 87 10
69 87 10
70 87 9
71 87 9
72 87 8
73 87 8
74 87 7
75 87 7
76 87 6
77 87 6
78 87 5
79 87 5
80 87 4
81 87 4
82 87 3
83 87 2
84 87 2
85 87 1
21 88 3
22 88 4
23 88 4
24 88 5
25 88 6
26 88 6
27 88 7
28 88 7
29 88 8
30 88 8
31 88 8
32 88 9
33 88 9
34 88 10
35 88 10
36 88 10
37 88 11
38 88 11
39 88 11
40 88 12
41 88 12
42 88 12
43 88 12
44 88 13
45 88 13
46 88 13
47 88 13
48 88 13
49 88 13
50 88 13
51 88 13
52 88 13
53 88 13
54 88 13
55 88 13
56 88 13
57 88 13
58 88 12
59 88 12
60 88 12
61 88 12
62 88 11
63 88 11
64 88 11
65 88 10
66 88 10
67 88 10
68 88 9
69 88 9
70 88 8
71 88 8
72 88 8
73 88 7
74 88 7
75 88 6
76 88 6
77 88 5
78 88 4
79 88 4
80 88 3
21 89 2
22 89 3
23 89 4
24 89 4
25 89 5
26 89 5
27 89 6
28 89 6
29 89 7
30 89 7
31 89 8
32 89 8
33 89 8
34 89 9
35 89 9
36 89 9
37 89 10
38 89 10
39 89 10
40 89 11
41 89 11
42 89 11
43 89 11
44 89 12
45 89 12
46 89 12
47 89 12
48 89 12
49 89 12
50 89 12
51 89 12
52 89 12
53 89 12
54 89 12
55 89 12
56 89 12
57 89 12
58 89 11
59 89 11
60 89 11
61 89 11
62 89 10
63 89 10
64 89 10
65 89 9
66 89 9
67 89 9
68 89 8
69 89 8
70 89 8
71 89 7
72 89 7
73 89 6
74 89 6
75 89 5
76 89 5
77 89 4
78 89 4
79 89 3
80 89 2
21 90 2
22 90 2
23 90 3
24 90 3
25 90 4
26 90 4
27 90 5
28 90 5
29 90 6
30 90 6
31 90 7
32 90 7
33 90 8
34 90 8
35 90 8
36 90 9
37 90 9
38 90 9
39 90 9
40 90 10
41 90 10
42 90 10
43 90 10
44 90 11
45 90 11
46 90 11
47 90 11
48 90 11
49 90 11
50 90 11
51 90 11
52 90 11
53 90 11
54 90 11
55 90 11
56 90 11
57 90 11
58 90 10
59 90 10
60 90 10
61 90 10
62 90 9
63 90 9
64 90 9
65 90 9
66 90 8
67 90 8
68 90 8
69 90 7
70 90 7
71 90 6
72 90 6
73 90 5
74 90 5
75 90 4
76 90 4
77 90 3
78 90 3
79 90 2
80 90 2
21 91 1
22 91 2
23 91 2
24 91 3
25 91 3
26 91 4
27 91 4
28 91 5
29 91 5
30 91 6
31 91 6
32 91 6
33 91 7
34 91 7
35 91 7
36 91 8
37 91 8
38 91 8
39 91 9
40 91 9
41 91 9
42 91 9
43 91 9
44 91 10
45 91 10
46 91 10
47 91 10
48 91 10
49 91 10
50 91 10
51 91 10
52 91 10
53 91 10
54 91 10
55 91 10
56 91 10
57 91 10
58 91 9
59 91 9
60 91 9
61 91 9
62 91 9
63 91 8
64 91 8
65 91 8
66 91 7
67 91 7
68 91 7
69 91 6
70 91 6
71 91 6
72 91 5
73 91 5
74 91 4
75 91 4
76 91 3
77 91 3
78 91 2
79 91 2
80 91 1
21 92 1
22 92 1
23 92 1
24 92 2
25 92 2
26 92 3
27 92 3
28 92 4
29 92 4
30 92 5
31 92 5
32 92 5
33 92 6
34 92 6
35 92 7
36 92 7
37 92 7
38 92 7
39 92 8
40 92 8
41 92 8
42 92 8
43 92 8
44 92 9
45 92 9
46 92 9
47 92 9
48 92 9
49 92 9
50 92 9
51 92 9
52 92 9
53 92 9
54 92 9
55 92 9
56 92 9
57 92 9
58 92 8
59 92 8
60 92 8
61 92 8
62 92 8
63 92 7
64 92 7
65 92 7
66 92 7
67 92 6
68 92 6
69 92 5
70 92 5
71 92 5
72 92 4
73 92 4
74 92 3
75 92 3
76 92 2
77 92 2
78 92 1
79 92 1
80 92 1
26 93 2
27 93 2
28 93 3
29 93 3
30 93 4
31 93 4
32 93 4
33 93 5
34 93 5
35 93 6
36 93 6
37 93 6
38 93 6
39 93 7
40 93 7
41 93 7
42 93 7
43 93 7
44 93 8
45 93 8
46 93 8
47 93 8
48 93 8
49 93 8
50 93 8
51 93 8
52 93 8
53 93 8
54 93 8
55 93 8
56 93 8
57 93 8
58 93 7
59 93 7
60 93 7
61 93 7
62 93 7
63 93 6
64 93 6
65 93 6
66 93 6
67 93 5
68 93 5
69 93 4
70 93 4
71 93 4
72 93 3
73 93 3
74 93 2
75 93 2
26 94 1
27 94 1
28 94 2
29 94 2
30 94 3
31 94 3
32 94 3
33 94 4
34 94 4
35 94 5
36 94 5
37 94 5
38 94 5
39 94 6
40 94 6
41 94 6
42 94 6
43 94 6
44 94 7
45 94 7
46 94 7
47 94 7
48 94 7
49 94 7
50 94 7
51 94 7
52 94 7
53 94 7
54 94 7
55 94 7
56 94 7
57 94 7
58 94 6
59 94 6
60 94 6
61 94 6
62 94 6
63 94 5
64 94 5
65 94 5
66 94 5
67 94 4
68 94 4
69 94 3
70 94 3
71 94 3
72 94 2
73 94 2
74 94 1
75 94 1
26 95 1
27 95 1
28 95 1
29 95 2
30 95 2
31 95 2
32 95 3
33 95 3
34 95 3
35 95 4
36 95 4
37 95 4
38 95 4
39 95 5
40 95 5
41 95 5
42 95 5
43 95 5
44 95 6
45 95 6
46 95 6
47 95 6
48 95 6
49 95 6
50 95 6
51 95 6
52 95 6
53 95 6
54 95 6
55 95 6
56 95 6
57 95 6
58 95 5
59 95 5
60 95 5
61 95 5
62 95 5
63 95 4
64 95 4
65 95 4
66 95 4
67 95 3
68 95 3
69 95 3
70 95 2
71 95 2
72 95 2
73 95 1
74 95 1
75 95 1
36 96 3
37 96 3
38 96 4
39 96 4
40 96 4
41 96 4
42 96 4
43 96 5
44 96 5
45 96 5
46 96 5
47 96 5
48 96 5
49 96 5
50 96 5
51 96 5
52 96 5
53 96 5
54 96 5
55 96 5
56 96 5
57 96 5
58 96 5
59 96 4
60 96 4
61 96 4
62 96 4
63 96 4
64 96 3
65 96 3
36 97 2
37 97 2
38 97 3
39 97 3
40 97 3
41 97 3
42 97 3
43 97 4
44 97 4
45 97 4
46 97 4
47 97 4
48 97 4
49 97 4
50 97 4
51 97 4
52 97 4
53 97 4
54 97 4
55 97 4
56 97 4
57 97 4
58 97 4
59 97 3
60 97 3
61 97 3
62 97 3
63 97 3
64 97 2
65 97 2
41 98 2
42 98 2
43 98 3
44 98 3
45 98 3
46 98 3
47 98 3
48 98 3
49 98 3
50 98 3
51 98 3
52 98 3
53 98 3
54 98 3
55 98 3
56 98 3
57 98 3
58 98 3
59 98 2
60 98 2
41 99 1
42 99 1
43 99 2
44 99 2
45 99 2
46 99 2
47 99 2
48 99 2
49 99 2
50 99 2
51 99 2
52 99 2
53 99 2
54 99 2
55 99 2
56 99 2
57 99 2
58 99 2
59 99 1
60 99 1
41 100 1
42 100 1
43 100 1
44 100 1
45 100 1
46 100 1
47 100 1
48 100 1
49 100 1
50 100 1
51 100 1
52 100 1
53 100 1
54 100 1
55 100 1
56 100 1
57 100 1
58 100 1
59 100 1
60 100 1
